1000
60
8.49 20.4 6.69 5.81 18.15 6.67 4.72 20.26 2.9
6.99 20.4 4.11 4.45 20.31 4.22
19.31
12.73 25.21 27.54 10.53 26.44 26.85 12.16 25.49 23.78
8.82 28.86 25.57 10.83 26.79 26.48
18.07
14.28 42.04 43.7 17.28 45.74 43.97 14.61 44.03 40.28
14.96 42.53 44.9 14.77 43.01 42.64
17.65
24.96 21.41 20.85 24.52 23.94 18.34 24.3 21.31 19.61
22.78 20.42 18.63 26.14 22.81 18.82
4.75
41.87 10.71 42.71 44.1 10.72 43.08 44.91 11.64 44.45
42.26 11.97 43.44 44.25 12.46 46.99
18.65
44.3 33.01 52.43 43.48 31.56 52.12 45.67 30.84 48.07
43.77 32.6 50.35 45.38 30.88 51.42
3.66
46.6 32.88 47.05 49.62 36.55 48.78 47.57 32.25 49.46
50.26 36 49.55 47.62 34.9 47.75
4.65
33.15 43.78 5.46 31.85 44.69 5.15 31.7 43.5 5.86
33.39 42.37 5.61 36.18 42.33 8.09
4.39
24.62 15.1 43.32 25.7 14.37 46.07 27.9 15.26 43.01
24.68 14.56 43.84 23.76 14.67 43.52
8.55
8.02 34.57 25.55 4.89 32.85 25.69 5.18 35.76 23.46
6.15 35.01 27.43 4.93 33.48 25.08
4.58
46.29 35.76 12.16 49.44 37.11 11.32 48.12 37.6 10.3
49.6 38.18 14.51 47.88 34.3 10.22
14.7
25.81 6.11 4.61 24.06 5.82 6.12 26.96 3.02 6.45
25.38 2.22 6.73 27.55 2.72 4.45
4.13
24.17 27.9 24.89 24.75 26.03 22.08 24.65 26.91 22.42
24.12 29.85 22.16 21.44 27.65 22.61
15.4
17.37 44.1 26.42 18.01 47.66 27.2 16.58 48.05 28.83
19.99 43.98 29.53 18.57 43.64 29
13.24
44.75 49.05 52.93 43.67 48.77 49.77 45.69 48.18 50.73
43.01 46.13 51.2 46.36 48.25 52.4
14.65
40.7 19.56 46.68 39.42 19.08 50.4 37.29 19.08 48.19
36.52 17.12 48.55 40.22 16.54 49.31
3.95
48.31 18.93 32.48 47.28 20.73 33.57 48.62 21.2 32.27
46.89 19.33 33.88 46.61 22.89 37.17
17.55
33.16 17.41 50.65 31.05 15.71 50.05 30.21 13.84 48.06
33.93 15.29 48.96 30.96 17.84 48.94
12.53
8.55 39.42 22.56 8.66 41.12 25.93 7.58 40.99 26.39
10.44 40.48 24.62 7.07 38.9 26.08
1.54
28.08 32.7 47.08 26.71 30.92 43.67 27.29 32.63 44.62
26.05 29.71 45.58 28.35 34.37 43.78
9.89
35.17 5.69 20.15 36.03 6.07 21.46 36 7.39 19.11
31.64 5.06 20.38 34.47 6.41 19.52
6.59
31.1 43.91 22.54 29.34 42.38 22.98 30.64 41.45 22.22
29.18 43.63 19.6 31.3 41.24 22.56
5.12
10.78 49.01 21.27 10.92 52.02 22.88 15.57 52.45 23.61
12.05 53.01 21.22 15.59 51.84 20.45
5.1
40.2 47.02 4.93 36.98 48.07 6.16 37.23 44.01 6.34
36.74 48.13 7.96 37.37 46.95 6.45
7.84
14.16 18.25 45.29 13.78 19.46 44.61 13.29 19.2 46.66
14.28 17.15 42.58 12.44 19.12 43.73
1.01
41.97 43.71 37.64 43.1 40.24 38.48 43.34 41.12 38.29
44.14 40.03 36.1 39.58 43.21 39.28
10.45
28.43 51.61 36.26 25.23 51.48 36.61 26.92 54.27 35.62
26.12 50.27 39.67 25.41 52.71 38.98
12.39
39.11 52.52 33.7 38.83 53.15 32.93 41.14 53.57 35.54
41.51 51.43 35.1 40.6 50.76 33.9
11.24
18.04 9.43 13.99 21.05 11.36 14.26 21.72 12.47 13.2
19.97 13.03 11.03 19.77 12.57 14.89
11.99
33.68 37.22 21.81 34.34 35.74 23.48 33.64 36.35 24.72
31.64 37.99 23.62 30.61 33.85 23.98
6.08
49.57 37.56 42.6 51.61 38.17 39.58 48.09 41.52 43.96
50.32 37.6 42.34 49.19 40.71 41.46
0.71
8.07 36.89 4.92 8.04 40.33 3.38 7.65 40.17 2.36
8.58 37.54 3.73 7.39 40.58 2.41
8.81
41.66 46.44 17.2 42 45.42 14.81 42.18 46.25 16.3
40.71 49.65 15.24 39.61 46.06 18.03
9.2
26.25 44.54 20.19 26.93 44.9 18.12 28.22 44.19 20.71
27.64 43.72 18.71 28.1 46.47 16.82
13.14
16.19 32.64 14.28 14.16 33.21 11.61 16.03 31.74 10.81
13.63 31.05 14.42 13.8 32.71 13.14
13.38
22.98 11.56 35.09 20.33 13.67 33.42 21.13 13.72 32.36
21.65 11.47 31.92 20.14 12.76 34.36
0.29
6.99 3.72 48.37 8.36 5.24 48.88 6.56 5.14 48.56
11.11 3.86 49.25 8.96 4.22 50.24
12.52
5.16 17.88 52.67 6.18 20.4 51.16 4.92 17.67 54.36
3.21 17.05 51.08 4.1 18.94 53.37
14.93
10.2 35.61 29.88 8.66 35.56 28.07 10.64 35.75 30.51
12.22 39.48 30.56 10.93 38.5 29.55
15.24
38.42 22.2 16.26 41.7 22.41 17.4 41.42 21.93 17.69
37.71 18.88 15.94 41.3 20.94 16.61
18.68
41.18 43.27 19.04 43.12 40.46 18.73 42.96 43.76 17.85
41.93 42.89 20.42 41.4 39.48 16.96
17.39
51.12 35.26 32.46 48.54 33.7 33.52 46.86 34.83 34.33
46.95 34.69 31.12 49.33 35.02 31.33
14.63
16.88 46.3 32.71 16.33 46.09 33.77 14.86 50 35.17
13.98 50.2 34.77 17.56 49.92 33.39
13.06
42.69 46.11 32.98 40.72 46.47 31.39 40.7 45.23 33.1
39.32 48.82 30.7 43.44 45.15 32.23
11.62
35.93 42.06 27.4 31.67 41.22 25.17 31.75 43.87 23.91
31.27 39.28 25.67 35.07 40.81 24.65
15.24
46.34 53.94 47.39 43.5 49.21 48.06 45.14 50.07 48.03
44.2 53.39 45.21 44.31 49.86 46.96
11.51
19.26 13.6 30.19 15.7 15.18 31.9 18.09 11.83 28.31
17.95 13.91 29.12 18.88 10.93 30.71
15.08
24.21 49.94 25.51 20.69 46.92 25.54 22.98 47.35 27.92
21.21 49.26 27.46 21.15 49.36 28.33
4.7
24.68 48.28 15.55 25.21 45.99 19.72 23.79 48.78 16.04
25.29 49.57 18.82 22.61 46.97 16.17
6.14
50.24 40.45 47.87 50.58 37.23 46.63 49.87 39.76 50.32
52.97 41.55 50.56 50.41 41.31 48.55
2.28
10.57 39.92 44.29 10.38 37.2 41.37 7.8 35.99 40.6
8.15 35.38 41.48 9.56 38.48 44.11
19.06
47.23 5.91 39.06 46.53 5.21 43.83 48.28 5.86 43.13
45.92 2.48 39.92 45.92 4.22 39.33
4.48
19.91 38.78 2.37 18.95 37.57 4.5 20.77 36.69 0.87
17.41 37.28 1.35 19.67 39.39 2.85
6.1
11.3 4.82 42.16 11.78 7.54 37.69 11.08 7.66 42.34
12.69 9.23 41.02 11.25 6.77 42.14
7.99
19.81 16.71 10.16 23.69 17.76 7.87 20.75 19.1 8.28
20.14 18.44 9.23 20.65 15.74 11.64
1.58
11.12 9.96 44.37 11.38 12.07 42.77 11.36 9.24 43.39
11.28 13.79 45.09 9.71 11.83 42.67
0.53
17.78 24.72 45.23 16 24.61 47.84 15.15 24.74 48.64
18.86 22.97 46.47 18.7 25.92 44.14
2.02
23.96 26.82 48.86 22.9 28.43 51.05 22.81 27.24 46.55
20.46 27.06 49.92 22.85 25.06 50.33
8.61
15.14 10.99 23.52 13.24 8.54 21.43 17.03 8.07 24.23
13.94 8.01 23.39 13.77 7.68 24.85
13.62
25.66 28.17 45.66 25.37 24.9 43.97 24 27.63 40.76
24.44 24.54 41.04 24.27 28.67 45.06
18.16
51.53 7.86 24.81 50.9 9.56 22.97 50.34 7.5 24.44
52.18 7.14 20.77 49.92 8.93 24.19
1.34
38.93 19.3 26.66 37.85 16.68 24.27 39.21 18.02 29.01
37.17 18.25 27.7 36.44 17.2 26.52
19.77
43.86 26.43 11.39 45.48 28.8 10.67 45.63 30.14 13.66
41.22 30.48 10.03 42.89 28.96 11.57
13.38
15.22 9.07 25.52 13.74 5.22 26.21 11.14 9.49 23.07
14.33 6.31 24.9 12.17 7.21 22.71
7.55
8.23 9.42 25.08 11.94 9.56 25.83 7.82 10.84 23.12
9.62 9.63 24.81 11.54 8.82 23.27
4.4
10.57 40.43 17.55 10.59 40.09 16.54 7.34 41.15 19.03
8.95 42.71 17.34 11.32 41.41 16.65
14.98
44.65 35.06 36.68 44.35 35.32 38.57 43.81 37.18 35.91
42.49 38.52 36.49 41.84 33.85 35.79
6.05
15.38 22 50.61 15.33 20.68 50.89 19.25 20.94 53.9
18.81 18.83 51.55 17.82 20.43 54.78
12.95
36.18 5.29 32.47 35 4.49 32.81 36.93 2.23 34.01
33.58 2.57 33.98 33.77 4.69 35.33
16.13
38.16 21.15 5.28 35.62 18.66 7.26 35.19 18.31 4.58
39.21 19.12 6.71 34.71 20.76 5.15
15.78
26.71 28.48 7.44 23.34 33.32 6.16 27.11 28.58 8.32
26.61 31.94 7.04 23.51 33.34 7.28
19.91
30.69 15.1 26.28 30.16 13.72 27.32 28.86 10.96 28.74
29.93 15.06 29.02 29.6 15.36 25.04
0.16
6.3 4.94 42.25 4.32 6.82 41.61 5.03 3.62 41.46
4.83 4.11 42.64 5.07 5.14 43.16
18.79
8.73 49.17 46.96 8.01 51.53 44.51 11.56 51.63 46.71
12.15 51.43 44.43 10.71 51.19 44.6
17.67
9.28 41.47 25.37 5.27 45.89 24.93 6.83 42.95 27.9
6.9 41.65 27.49 5.44 45.01 24.5
13.22
28.94 43.17 12.59 25.56 42.61 13.12 26.88 42.42 12.13
26.85 42.87 12.46 28.49 42.06 11.79
1.32
50.76 42.15 47.17 47.14 41.71 47.95 50.87 44.77 50.51
48.76 45.23 49.56 50.04 41.36 48.03
17.84
0.27 6.25 43.21 3.98 1.75 42.31 3.08 3.23 41.69
4.18 6.51 41.54 2.39 4.39 39.01
6.53
16.41 38.13 43.2 14.53 38.96 41.88 16.34 36.2 41.01
15.94 39.43 42.6 17.23 39.53 42.68
19.58
36.01 13.77 48.23 33.58 14.55 48.77 34.1 12.93 49.18
32.37 14.05 50.67 34.54 12.63 46.96
10.54
35.02 20.52 22.35 32 22.28 21.32 33.75 22.8 19.66
31.43 20.05 19.77 33.94 18.94 23.57
17.92
2.25 16.57 9.85 1.95 19.52 7.94 2.74 17.45 9.09
4.18 17.94 7.74 1.05 17.83 9.58
16.51
11.9 28.57 13.48 11.35 30.48 14.68 12.73 30.57 16.89
12.19 31.53 17.12 11.02 28.52 17.63
18.61
29.9 34.19 42.16 29.93 34.34 43.74 29.63 33.94 44.55
29.39 30.99 44.62 26.93 34.77 44.98
15.5
8.95 25.38 31.52 10.66 25.23 30.52 7.06 29.17 34.26
7.46 25.04 32.29 10.25 25.9 34.55
11.94
5.19 53.7 7.76 3.62 52.55 5.98 4.93 50.82 5.92
2.66 52.02 7.12 1.84 52.08 7.81
11.74
34.25 42.42 28.18 35.8 46.1 25.57 37.6 44.94 25.93
35.43 42.36 27.62 38.63 42.59 24.81
8.91
7.81 43.72 13.9 7.09 44.68 14.99 5.45 44.9 14.72
8.1 45.71 15.55 9.21 42.2 12.37
1.96
19.65 26.11 52.22 19.64 24.46 49.07 20.07 27.41 49.4
20.06 24.91 50.09 21.23 24.04 48.15
1.63
36.88 10.87 8.4 38.9 9.5 6.38 35.56 8.87 8.04
39.27 8.02 10.8 38.23 7.35 7.45
7.56
24.83 8.82 46.48 23.96 6.87 46.74 24.06 5.36 43.76
23.59 6.48 46.52 24.74 8.52 44.46
5.41
38.5 33.46 47.12 37.49 33.01 46.94 40.53 32.54 45.71
37.72 36.44 46.13 37.65 32.52 43.53
11.26
26.42 27.08 42.85 28.34 29.97 40.51 27.98 29.2 42.12
27.02 26.56 42.57 26.27 26.55 43.15
18.84
15.1 38.29 13.13 12.72 37.99 10.61 11.92 39.11 10.19
13.5 35.55 10.54 12.69 34.6 12.03
19.62
9.94 52.01 16.49 13.19 51.42 15.37 10.03 54.47 17.36
12.24 53.64 14.05 10.73 54.72 14.78
15.04
3.92 21.44 13.03 4.96 24.61 16.05 3.44 21.25 11.89
4.78 26.11 12.65 7.01 22.68 13.97
4.78
25.56 34.13 5.99 27.74 32.17 6.08 29.41 32.13 5.62
29.07 32.22 6.36 27.97 34.16 5.86
15.22
22.74 35.59 28.34 23.38 37.29 24.77 21.95 35.66 26.77
21.27 35.71 26.75 20.34 35.57 28.31
18.23
43.87 30.77 37.25 45.23 31.41 38.04 47.49 28.56 40.57
46.16 30.57 38.02 44.59 28.49 36.72
11.41
14.5 21.42 20.46 12.38 24.45 17.76 13.05 21.29 15.81
11.92 25.63 18.58 13.29 22.63 15.71
1.99
25.75 47.45 54.2 25.25 44.66 51.21 25.07 48.39 52.35
27.38 43.79 50.54 26.44 46.22 51.2
15.47
29.48 31.25 36.06 30.28 32.08 39.43 27.32 31.27 37.86
29.57 33.91 37.32 30.66 33.98 35.38
11.7
9.06 5.31 4.77 8.49 5.25 1.96 12.52 2.29 2.22
12.99 1.58 2.91 9.63 1.86 1.04
0.68
25.75 46.21 40.76 27.78 43.81 40.09 26.64 47.74 38.67
24.25 43.72 39.44 23.57 47 39.94
3.93
30.16 22.39 41.18 30.69 21.05 40 31.57 22.26 39.77
29.77 21.01 37.9 29.75 21.85 39.98
0.51
15.24 38.32 18.33 15.61 38.85 16.55 12.76 38.59 19.08
15.21 35.69 18.53 16.82 39.26 20.65
14.27
50.7 49.22 31.21 51.52 45.86 30.21 50.67 48.4 33.42
50.71 44.65 29.8 51.93 45.23 33.07
11.74
20.93 40.06 11.04 18.63 44.18 10.3 20.41 40.74 12.7
17.76 40.15 11.52 17.65 41.07 8.56
12.19
49.7 6.54 4.43 50.77 8.11 3.08 48.7 10.91 4.3
51.4 10.02 4.5 52.5 8.56 1.76
0.23
52.58 14.57 24.13 51.42 16.68 22.98 53.47 14.09 25.92
51.06 14.05 24.45 53 17.09 27.13
1.1
19 21.09 4.63 21.28 21.65 1.91 20.33 19.6 5.39
22.32 20.79 4.52 19.25 19.72 2.42
12.22
39.76 30.12 48.91 38.87 30.36 51.06 36.41 32.03 51.14
37.4 32.06 49.64 35.96 32.07 51.18
18.34
49.17 21.95 44.82 48.55 22.4 46.48 48.94 23.83 41.9
48.85 21.01 46.43 49.62 23.55 42.31
19.2
1.49 14.8 29.89 5.47 11.55 28.61 2.84 12.39 30.69
5.12 11.69 30.67 3.76 13.46 28.99
7.49
36.51 12.56 49.31 39.22 11.83 51.23 39.57 12.32 50.55
39.16 11.7 49.67 38.04 11.8 48.66
6.33
19.95 27.2 32.39 18.68 24.55 31.57 21.28 29 32.1
20.55 24.55 29.47 17.39 27.24 31.71
15.04
44.58 14.1 13.86 40.76 14.59 13.77 43.13 13.25 13.45
44.56 13.18 15.01 43.37 12.97 13.69
19.55
7.35 16.43 46.25 7.65 15.26 45.74 7.09 17.8 49.53
7.47 17.91 46.3 5.33 18.01 48.08
14.54
17.92 13.81 10.01 17.73 13.24 8.85 20.41 10.86 10.76
20.23 11.3 10.27 20.1 10.52 7.83
0.61
13.33 49.14 44.5 14.31 51.72 42.31 14.17 48.13 42.47
14.65 51.37 41.14 14.41 51.94 44.02
2.78
18.49 31.19 12.74 18.95 29.77 10.04 19.26 27.08 11.34
17.76 27.16 13.59 18.97 30.2 10.31
18.17
47.32 31.87 15.85 47.21 31.98 17.4 46.31 31.08 17.92
45.01 28.06 19.78 44.13 27.14 16.75
9.3
21.42 5.7 36.68 20.54 5.45 37.02 21.56 5.56 37.15
21.33 4.94 37.33 18.87 7 35.85
13.92
49.74 36.39 47.18 49.1 36.54 46.57 51.16 40.59 47.73
53.6 38.38 48.49 50.95 38.97 47.35
10.76
50.12 28.13 28.11 48.68 27.17 29.75 51.32 28.28 30.59
49.4 28.5 27.46 50.84 30.07 31.68
7.14
23.63 2.84 27.57 22.87 7.11 31.01 19.6 6.91 31.85
23.57 4.11 29.85 23.35 6.43 31.33
7.93
41.55 15.04 29.94 41.9 18.39 29.21 39.25 18.76 26.55
41.5 18.18 29.28 42.24 18.63 27.66
6.73
15.51 25.83 17.2 17.2 22.51 17.79 16.67 24.28 20.41
15.26 22.48 20.24 13.57 23.24 18.29
6
24.03 31.02 2.82 22.47 34.55 2.42 24.7 33.87 3.35
23.44 34.4 4.36 26.58 32.96 3.11
14.7
43.91 38.04 23.52 41.04 38.41 24.8 41.63 37.06 24.98
43.16 39.26 26.98 40.28 40.1 27.15
5.07
12.64 7.72 50.71 12.02 7.04 52.54 11.57 8.25 53.49
15.17 9.5 53.35 13.13 8.58 50.86
6.04
43.36 30.4 36.79 46.79 30.3 39.6 44.95 33.02 39.52
43.81 31.58 38.79 44.46 31.92 35.76
12.31
19.32 16.44 49.54 23.95 16.31 45.87 21.09 14.05 50.71
19.94 15.61 49.98 23.89 16.17 47.79
7.74
41.69 38.82 20.02 44.88 40.69 21.39 42.9 41.08 20.95
41.75 38.15 20.36 42.25 37.72 19.45
16.56
49.34 8.34 9.32 49.09 10.63 12.76 50.34 9.02 14.04
51.82 8.21 10.49 51.23 9.8 12.21
7.21
42.36 48.81 9.43 39.49 48.71 9.84 41.5 49.35 9.76
40.71 46.64 8.83 41.76 48.28 8.6
6.89
41.27 18.52 28.22 41.28 18.5 29.35 42.17 18.1 28.61
42.1 20.27 29.1 40.26 21.6 28.31
16.08
32.49 17.33 45.78 30.92 20.18 42.59 31.06 19.95 42.56
34.59 19.63 44.32 31.35 17.98 40.97
4.82
7.14 8.24 27.3 3.47 9.65 28.59 2.59 5.87 25.4
5.98 6 25.86 5.07 6.54 28.07
9.01
17.61 20.71 16.66 20.77 23.96 20.44 19.87 23.6 20.74
20.31 21.99 17.04 18.32 24.8 17.48
1.12
14.47 28.94 12.36 13.86 30.09 12.43 15.73 29.38 15.34
18.42 31.53 13.86 14.23 32.44 14.36
7.61
28.16 1.15 12.97 27.12 1.69 12.48 28.93 3.7 12.14
27.3 1.82 13.09 29.67 2.66 14.42
14.01
51.3 0.46 39.45 54.51 3.02 42.78 51.8 4.53 39.46
53.33 2.41 41.41 53.09 0.15 43.22
11.01
20.12 47.5 37.65 20.48 48.58 39.24 21.69 49.15 37.84
22.56 47.75 40.13 23.12 49.79 39.16
0.65
45.32 9.1 38.73 45.4 8.86 38.44 45.86 8.83 43.03
43.08 11.57 41 43.22 11.63 38.36
6.71
39.94 10.21 10.01 41.62 11.22 11.77 40.34 11.49 13.92
41.96 12.1 10.69 40.23 8.74 11.63
4.24
27.95 30.18 7.4 29.8 28.45 8.36 28.13 30.7 6.4
26.2 27.31 5.01 29.52 26.78 6.09
13.84
13.46 28.73 13.79 11.22 24.89 18.32 13.1 28.08 17.77
13.95 25.27 13.52 14.38 27.78 18.43
17.72
42.44 39.9 32.45 42.75 38.91 36.28 40.95 39.08 35.19
41.18 41.15 34.87 40.7 39.74 35.41
7.9
43.41 27.25 42.16 45.17 27.89 41.89 44.63 26.57 43.52
43.34 25.59 43.17 48.15 25.35 40.24
18.23
41.16 15.37 28.75 43.55 13.58 27.33 41.12 16.55 28.85
43.12 13.41 26.58 43.33 16.85 31.16
16.43
41.39 6.58 30.87 45.7 6.42 32.76 42.51 3.62 30.6
43.18 3.76 30.23 44.23 6.33 30.58
18.41
12.98 32.06 52.75 14.46 30.16 52.91 15 33.09 54.08
16.22 30.15 52.99 17.66 31.33 50.49
9.62
46.37 51.5 43.05 44.84 51.39 42.1 46.62 52.64 38.99
46.44 52.43 38.39 43.5 53.32 38.48
17.28
49.43 14.09 11.37 46.97 14.17 10.78 49.09 17.57 13.44
50.04 16.99 11.22 47.78 15.22 11.29
7.7
7.53 14.48 14.43 6.91 14.62 16.2 4.63 13.62 17.11
6.04 12.48 15.63 8.14 14.25 14.49
10.2
46 4.29 13.14 44.19 3.55 10.13 42.33 8.11 12.54
45.85 6.08 12.36 46.39 7.53 8.41
4.71
45.52 20.36 17.35 46.56 16.95 16.76 44.99 20.49 18.65
45.05 15.93 16.18 45.74 20.67 17.45
12.3
34.24 20.71 13.38 37.29 20.27 13.98 36.87 22.12 13.42
33.35 17.52 13 32.62 19.65 15.56
18.77
54.6 40.56 3.86 51.35 38.03 2.53 51.59 38.07 6.69
51.54 41.16 2.89 49.89 41.54 5.33
9.23
41.63 18.12 12.61 43.46 18.13 14.49 45.93 15.5 13.77
42.5 16.35 14.84 44.13 18.34 15.01
7.89
14.01 27.25 50.06 15.22 30.07 47.13 15.52 27.18 48.43
14.11 30.38 50 14.2 27.65 48.75
14.43
41.2 37.93 42.82 38.07 35.97 43.91 38.49 35.8 42.87
41.28 39.23 44.54 40.24 36.01 43.71
16.56
4.52 24.03 28.21 3.9 26.72 25.5 3.73 22.32 25.98
0.77 21.94 26.88 2.94 26.83 28.8
3.65
9.19 21.84 41.35 10.97 22.42 41.39 9.23 25.72 38.15
11.46 22.03 41.97 12.55 21.75 42.71
9.03
43.84 3.29 13.16 42.68 3.49 14.25 44.14 3.76 9.68
44.51 1.03 14.17 45.46 3.66 11.89
7.86
14.12 3.94 43.18 12.88 4.71 43.41 13.61 4.77 44.39
14.39 6.03 46.16 15.88 7.14 42.96
3.11
29.21 5.36 17.72 27.96 1.92 16.55 27.77 3.53 18.38
27.15 3.79 17.71 27.21 1.97 18.13
4.62
46.86 6.55 7.99 46.47 9.25 6.31 42.52 10.63 6.79
45.65 7.96 5.07 46.34 7.46 4.71
3.32
38.13 13.85 34.14 38.71 14 38.37 37.01 11.04 36.99
39.71 13.18 36.62 37.6 10.64 34.55
14.21
3.24 19 16.03 3.04 21.06 18.41 2.46 21.35 15.92
4.86 18.79 14.9 2.34 19.83 15.34
12.49
23.22 6.24 47.6 21.81 8.22 47.65 24.52 6.98 49.42
20.93 8.98 47.12 20.99 9.55 49.52
2.89
37.1 38.27 42.55 33.95 42.7 41.92 33.9 38.22 43.2
36.76 40.37 40.8 35.41 39.77 41.92
11.75
37.95 40.85 5.91 38.6 39.12 8.28 39.24 39.17 8.22
40 38.02 9.37 37.78 39.63 8.07
0.07
17.49 30.27 14.74 15.95 31.75 10.35 17.83 31.02 13.01
16.47 28.36 11.31 18.33 29.38 13.24
10.91
31.02 9.05 16.37 33.3 8.24 15.69 32.1 8.4 19.45
30.87 8.84 16.48 31.79 5.58 16.72
7.17
7.35 26.5 7.4 9.41 26.59 5.93 7.12 25.08 4.7
5.14 25.26 4.62 4.77 25.13 6.05
16.84
47.79 38.94 38.73 48.22 38.48 41.49 48.32 38.48 41.81
50.52 35.83 38.57 49.21 39.49 40.37
3.32
26.21 19.54 0.6 24 18.73 4.72 25.45 20.37 2.99
23.97 22.47 3.36 28.05 21.82 0.64
10.48
15.18 20.13 39.15 14.46 20.22 38.55 16.73 21.17 35.75
16.95 19.17 39.46 16.76 21.98 35.95
3.79
34.2 29.25 25.27 31.77 28.52 25.21 34.33 29.81 29.21
34.88 30.09 28.83 33.45 31.08 28.18
14.83
38.14 30.36 41.88 41.43 31.59 44.07 38.78 33.84 40.84
41.57 32.38 42.08 42.75 31.33 40.32
0.64
24.15 30.33 13.53 20.09 30.79 12.17 24.61 34.59 12.3
23.51 31.17 12.58 20.63 32.56 14.02
3.83
18.7 18.59 15.28 18.97 15.18 16.35 17.61 16.38 13.31
17.13 17.48 16.28 20.11 18.64 16.09
12.31
12.84 30.34 2.82 13.68 26.53 5.39 11 27.39 2.57
12.42 26.69 2.92 12.59 27.39 1.94
9.05
33.15 49.08 34.82 32 49.54 35.9 35.25 48.1 35.46
31.3 48.05 36.3 32.63 51.24 36.64
17.82
6.81 42.14 18.47 7.38 39.14 21.17 8.09 42.53 20.8
10.8 42.87 18.62 11.04 40.54 20.21
19.16
34.89 27.81 25.9 37.31 24.57 25.03 35.76 24.45 27.57
35.93 24.41 24.34 36.94 26.72 28.18
5.65
23.15 7.89 49.68 26.12 6.89 50.85 27.88 8.46 47.88
23.4 8.2 47.77 23.98 6.83 49.64
13.55
14.38 3.92 29.01 14.86 4.34 28.86 12.27 2.32 28.57
13.78 5.41 32.82 14.06 2.09 29.08
11.7
2.72 39.59 12.88 4.45 38.88 11.15 3.75 37.49 11.97
3.4 38.72 12.2 2.39 36.32 11.74
3.07
10.4 28.47 15.67 7.71 30.77 17.3 7.39 32.01 19.08
7.62 29.45 17.86 7.85 32.48 17.4
0.46
10.79 31.07 51.91 15.08 28.65 50.06 11.79 30.17 51.59
10.44 31.02 51.66 14.65 29.44 52.51
10.22
29.02 30.3 41.79 28.42 30.16 40.86 29.91 28.59 39.86
25.93 30.44 44.12 27.08 30.75 44
5.14
37.32 37.2 7.33 36.85 35.87 5.63 35.24 37.59 9.95
36.75 35.29 5.35 38.3 33.29 9.23
18.1
3.85 11.54 35.11 3.8 9.62 36.2 5.85 12.64 37.65
4.25 13.53 36.56 7.2 11.25 35.95
1.39
21.05 16.13 29.29 21.77 16 25.17 24.46 15.52 26.67
24.19 14.78 24.69 20.71 18.9 27.28
18.93
31.06 42.76 23.71 35.18 41.85 21.9 34.36 44.78 20.22
30.96 42.49 22.18 30.8 42.99 20.97
8.4
26.88 39.54 31.78 27.77 41.22 31.48 31.03 37.67 29.22
30.97 40.81 31 29.58 42.15 29.97
5.9
32.21 15.49 40.91 30.24 15.07 39.17 33.2 14.85 40.82
31.54 14.02 39.04 33.69 14.19 39.04
19.14
21.83 42.28 16.91 23.25 43.13 16.91 19.37 44.66 15.33
22.9 44.08 13.88 18.81 46.67 16.41
10.5
13.84 34.6 48.18 14.98 33.47 43.58 15.27 33.97 45.56
14.29 35.98 47.29 14.12 35.41 45.75
19.47
28.67 53.06 15.85 29.58 50.48 14.6 29 53.05 14.22
32.72 50.04 13.56 28.14 53.21 15.61
5.76
29.61 22.29 40.07 29.36 24.97 41.57 29.35 21.83 39.1
30.83 21.54 39.58 30.62 23.93 40.18
2.55
34.09 13.45 12.19 34.03 13.09 14.39 34.58 16.22 16.17
33.47 13.04 13.11 31.86 13.46 13.92
7.92
14.73 32.28 30.99 13.9 27.63 27.23 13.73 31.02 26.95
12.58 30.55 28.38 11.08 29.08 31.37
7.03
11.23 31.01 31.82 10.1 32.75 33.7 8.37 30.59 31.21
10.43 31.69 33.21 9.83 30.87 34.8
16.16
9.99 12.68 20.76 5.69 9.86 19.7 5.77 9.47 16.71
9.19 12.25 21.15 7.55 10.56 17.97
13.97
5.2 21.29 1.35 4.77 20.95 0.81 4.81 18.94 3.1
5.38 19.83 2.67 2.25 18.11 3.04
1.03
17.58 37.05 45.19 18.21 39.49 44.99 20.99 37.78 41.5
17.95 39.28 40.92 17.95 37.24 41.85
18.1
41.16 29.48 10.91 45.18 29.62 13.29 41.51 27.49 12.3
42.08 29.89 12.4 44.58 30.9 15.24
1.78
34.44 49.26 5.39 36.65 53.24 3.04 34.48 53.19 2.82
35.43 48.56 4.66 37.2 52.73 3.38
16.05
9.2 29.62 24.07 7.7 33.81 23.57 5.84 29.28 24.79
7.6 32.02 24 5.03 33.69 25.8
17.04
37.73 44.4 15.5 37.18 44.52 12.35 38.36 45.1 15.85
37.39 46.75 15.55 36.13 43.06 16.17
12.57
34.29 50.68 19.13 34.31 48.71 19.62 32.98 46.38 22.35
32.1 48.69 20.1 34.27 47.86 21.62
8.79
36.12 44.59 12.62 38.54 42.56 13.24 38.13 44.39 11.28
37.39 43.39 13.28 34.22 40.52 11.78
5.02
31.51 38.3 40.64 31.13 37.57 40.62 30.46 37.97 41.98
30.78 40.47 41.52 28.93 42.08 41.26
16.83
6.6 25.32 48.17 10.82 27.9 46.22 8.15 26.43 49.14
7.31 26.9 48.31 7.71 26.48 46.29
18.67
19.1 12.86 21.93 16.39 12.73 18.34 17.97 13.38 21.85
18.27 12.5 20.03 18.97 12.9 17.28
7.74
12.46 50.26 12.32 16.05 49.22 13.49 12.33 52.82 10.39
13.53 48.42 12.34 11.49 49.33 13.9
8.07
29.01 34.72 39.31 32.33 36.32 41.6 30.5 37.07 39.5
33.39 33.53 42.71 33.05 33.86 43.03
14.55
34.08 22.66 12.45 33.51 25.09 15.7 33.21 24.75 12.62
33.76 24.37 13.94 33.53 25.41 14.44
5.73
24.28 4.38 46.46 24.65 4.2 50.82 23.33 2.65 47.3
23.13 3.12 51.29 20.79 2.4 50.28
3.88
47.41 51.91 24.03 47 50.81 23.01 45.85 52.74 22.73
45.23 53.23 23.66 45.71 50.07 19.72
10.49
39.29 23.48 49.86 38.33 25.36 50.13 40.08 21.73 52.56
39.16 25.25 50.69 39.33 24.9 50.02
9.13
49.44 7.96 40.52 47.11 8.51 40.55 45.31 10.63 37.72
46.78 8.53 39.22 47.19 11.41 40.64
12.77
6.02 42.77 51.38 3.06 40.67 52.83 2.5 39.94 53.15
3.17 42.96 52.68 4.18 40.18 53.97
3.54
49.47 25.08 25.93 48.6 25.4 24.9 48.77 22.69 22.19
48.85 23.71 23.83 51.37 22.78 26.3
5.76
10.9 13.75 35.98 7.18 12.16 33.5 9.25 11.68 31.22
7.77 11.49 32.96 8.85 12.37 33.86
8.24
20.62 9.97 10.19 23.15 7.68 12.22 22.13 12.31 11.74
23.83 8.1 8.67 22.48 8.41 10.71
4.67
21.26 19.75 19.3 20.49 17.84 23.12 21.17 20.41 22.02
23.02 20.01 19.2 19.3 18.04 20.17
5.42
43.64 16.03 21.98 44.16 15.64 22.13 46.9 13.93 22.16
45.7 14.79 21.27 44.78 12.45 20.65
6.51
42.07 13.73 8.99 42.93 12.29 11.06 38.96 13.32 10.93
42.14 12.93 11.43 41.44 12.46 9.39
17.83
4.76 44.3 17.57 4.64 45.35 16.08 2.38 41.95 16.8
4.03 42.38 16.75 4.4 44.95 15.74
9.81
19.44 21.47 48.57 20.27 17.24 47.2 19.25 19.05 48.32
18.47 19.53 48.21 16.3 18.48 49.13
5.55
33.89 26.7 54.74 35.74 26.43 53.45 35.35 24.69 51.98
32.78 25.41 50.81 36.31 23.67 52.96
0.02
6.14 43.62 49.97 4.9 43.09 49.76 9.19 44.77 47.1
6.9 43.81 49.47 7.8 43.16 48.57
7.24
27.7 17.04 11.88 24.97 15.53 11.61 23.57 17.3 12.53
28.11 17.09 12.98 28.19 13.93 9.39
6.34
37.7 32.27 44.14 37.34 31.83 44.26 38.37 34.99 41.73
39.48 34.74 41.57 38.17 31.45 42.43
7.96
31.1 50.53 42.93 32.68 53.44 44.18 31.55 51.66 41.86
31.85 52.8 44.45 31.74 53.56 44.28
8.17
34.46 37.8 52.57 34.28 35.93 52.78 34.77 36.36 52.39
31.94 37.8 50.71 35.09 38.06 50.02
5.76
24.32 4.36 19.22 26.15 4.81 19.17 27.76 5.66 18.46
28.69 6.26 18.21 25.04 4.19 19.88
1.78
32.58 42.97 48.61 33.63 38.97 51.67 29.29 42.77 51.45
31.37 41.63 52.49 33.45 42.24 52.66
15.65
13.15 53.82 33.55 11.84 51.74 33.86 11.33 53.98 31.84
12.72 51.58 33.46 9.76 51.63 34.76
7.55
23.15 5.75 40.84 23.6 4.91 39.46 23.76 7.03 39.15
21.69 4.76 36.79 20.3 5.32 40.78
19.43
26.79 35.29 45.33 27.11 33.8 45.83 25.95 35.3 45.55
25.36 36.2 44.26 23.23 32.2 41.7
8.52
43.16 15.26 46.4 42.05 15.84 46.48 41.33 15.91 49
43.5 19.44 50.34 40.63 18.97 49.56
14.28
45.53 43.48 5 43.87 40.92 2.51 44.88 42.82 0.07
45.3 40.51 2.95 42.83 42.34 1.47
15.84
15.06 45.49 26.15 14.93 43.99 24.95 14.98 43.16 27.82
15.03 45.29 25.88 13.29 46.3 26.1
16.1
39.09 21.27 45.8 38.99 19.22 45.59 40.45 20.76 45.63
40.49 18.77 47.38 39.85 18.83 47.38
2.8
51.32 14.95 41.05 51.73 15.5 43.04 53.4 15.29 42.3
53.31 14.04 45 50.54 12.2 42.95
12.08
3.49 30.59 24.32 7.02 29.14 23.27 3.19 31.41 24.05
4.98 32.31 25.44 5.1 31.82 25.46
1.69
16.7 19.63 30.48 20.04 19.08 30.56 19.22 20.08 32.86
17.27 19.29 30.15 16.02 19.03 31.59
12.1
51.83 18.32 35.16 50.69 16.98 38.09 51.41 17.76 37.85
49.48 16.27 38.83 48.88 14.43 37.81
17.66
15.73 21.58 54.23 15 22.83 52.74 14.68 20.29 53.58
12.94 24.1 54.74 13.1 19.33 51.15
4.01
18.05 45.45 29.1 16.62 44.07 28.78 17.87 45.58 24.65
18.96 46.94 25.83 15.88 43.99 27.46
1.16
34.83 13.14 49.37 35.5 13.46 45.4 36.63 16.66 48.9
34.95 12.23 47.92 35.84 13.36 44.88
14.78
11.82 34.42 17.96 16.28 34.37 20.49 12.07 34.13 21.49
14.07 35.84 19.93 12.74 36.58 17.81
0.47
8.44 7.98 10.43 5.78 9.81 7.25 7.49 12.9 6.92
5.29 11.05 9.71 9.67 11.73 6.62
11.19
12.1 27.94 13.6 8.18 26.66 9.43 11.01 26.83 13.78
11.97 26.81 10.69 9.46 27.01 11.16
7.24
18.83 39.36 32.43 16.64 40.68 34.35 16.81 40.02 34.35
19.23 41.8 32.06 17.33 37.94 32.44
18.96
35.17 42.05 21.05 35.16 40.97 20.84 37.83 42.37 22.1
37.18 37.61 20.36 36.21 37.82 22.24
11.47
24.77 32.19 42.88 25.25 35.11 39.52 25.61 32.87 42.69
25.23 32.69 39.33 25.41 30.6 39.61
13.1
16.95 38.36 11.38 18.54 38.56 14.14 17.94 36.28 10.76
18.57 34.79 10.98 19.47 36.93 11.32
4.59
7.26 14.96 4.71 8.85 16.37 6.51 8.62 13.52 7.87
8.7 13.16 7.95 9.47 12.62 7.6
0.61
40.84 43 12.63 41.18 43.77 10.75 45.08 44.97 12.95
43.62 42.2 10.51 45.23 43.79 12.1
11.23
29.64 8.66 39.32 28.1 11.17 41.75 28.22 8.91 42.27
29.96 9.89 40.29 28.31 8.96 40.28
18.66
10.42 16.82 23.73 12.98 17.3 22.73 11.16 19.36 19.78
8.93 18.47 24.57 10.15 17.1 23.94
0.83
18.79 10.54 33.73 22.48 7.28 35.76 19.68 7.02 36.07
18.91 9.75 33.74 20.4 6.97 36.36
15.07
29.43 12.77 9.86 29.65 9.74 11.09 29.77 13.72 12.52
30.94 9.96 11.54 27.66 11.26 10.98
17.75
29.96 32.42 30.07 30.82 30.67 30.1 28.03 32.11 30.65
29.8 31.16 30.52 27.61 29.77 33.18
9.1
7.14 31.92 36.08 7.08 32.43 34.47 6.64 32.93 36.68
4.03 34.57 36.37 4.8 34.76 36.92
14.01
26.06 6.05 10.27 25.06 6.7 11.62 26.23 5.08 11.29
22.28 4.49 13.22 22.25 4.25 11.38
4.88
28.78 21.69 24.8 27.13 24.25 25.67 29.58 22.09 25.8
30.85 20.65 24.96 30.96 21.63 23.98
12.03
6.69 14.4 46.33 8.64 13.53 48.45 8.98 14.42 47.28
8.18 14.04 48.41 6.95 17.72 44.53
8.51
31.2 48.74 20.76 30.72 47.04 18.91 33.99 49.4 20.94
30.28 50.32 18.48 29.96 46.33 19.06
6.19
9.77 47.64 34.43 7.95 48.97 34.89 11.56 48.25 37.86
8.85 48.25 34.82 12.07 47.87 34.01
1.11
47.07 47.67 31.29 49.82 51.23 31.68 49.76 50.48 33.69
49.36 48.26 32.05 46.63 47.21 29.94
11.27
49.51 43.9 41.5 50.88 46.15 41.91 52.34 46.26 39.06
50.12 48.47 41.55 48.7 44.3 41.72
7.9
3.74 19.07 20.18 7.56 15.79 21.78 3.99 16.81 19.03
8.44 16.45 20.25 3.67 19.4 18.93
5.8
15.63 49.01 48.04 17.89 48.92 51.74 14.94 52.69 47.41
17.08 48.12 51.27 14.91 51.65 49.03
14.29
37.12 49.01 35.65 37.41 47.92 33.92 39.48 47.26 33.81
36.54 45.08 32.3 37.81 47.2 35.52
9.96
30.37 33.6 14.18 28.97 34.24 14.04 29 37.93 14.6
30.38 38.37 13.83 30.08 36.27 15.94
17.86
19.18 42.43 15.15 18.46 45.42 14.6 20.19 43.16 16.18
19.56 45.11 12.65 17.47 41.17 16.57
13.33
10.02 18.97 18.83 8.44 21.76 18.38 7.49 19.26 18.74
11.2 22.79 18.92 9.09 18.83 19.71
17.16
15.98 6.39 19.5 16.21 4.1 21.55 14.63 3.51 19.28
15.16 5.04 17.59 17.49 7.54 17.57
16.06
50.32 43.75 41.26 49.72 44.59 41 51.8 47.26 39.14
51.41 46.29 41.4 49.55 43.77 37.8
13.91
20.03 18.17 47.83 19.4 18.92 48 19.63 20.07 46.33
19.53 18.6 44.17 17.18 19.24 48.37
0.71
24.58 14.58 48.59 26.21 16.62 50.46 24.79 13.2 46.53
24.52 17.1 46.29 24.79 14.03 48.15
4.7
31.49 38.79 3.79 31.8 37.84 5.04 32.39 35.59 4.01
32.26 35.91 2.11 32.2 34.3 5.78
8.14
16.25 10.6 50.66 15.27 12 50.35 18.37 9.84 49.52
16.41 8.46 50.44 17.24 10.94 50.06
0.19
43.12 25.97 29.78 47.17 28.08 30.84 46.43 28.63 26.43
44.18 26.95 26.42 43.89 25.6 30.17
9.59
9.86 45.96 19.6 11.6 44.49 19.65 14.09 48.15 20.54
13.02 46.62 18.61 13 48.57 21.41
4.3
49.49 23.83 50.35 54.12 22.65 53.84 51.02 21.39 52.54
54 24.42 52.49 51.04 23.31 53.16
11.91
34.75 31.33 50.74 36.74 30.48 52.82 35.82 29.08 49.22
36.19 29.95 49.67 38.59 28.23 53.92
9.67
44.26 12.98 5.33 45.64 16.9 7.13 41.82 14.67 3.06
44.9 15.51 5.28 43.86 16.14 3.59
9.93
51.96 11.52 34.43 52.92 9.67 38.39 49.78 9.76 34.98
49.91 12.74 34.15 50.7 13.3 35.67
16.83
17.4 52.11 3.24 15.92 48.75 7.18 13.95 48.75 4.25
17.07 51.53 4.93 15.29 50.96 6.22
4.92
21.25 38.19 0.93 21.56 38.36 1.17 20.11 39.75 1.61
20.55 36.83 2.92 19.02 39.34 0.67
8.04
31.89 24.18 44.88 33.56 25.04 45.44 32.17 25.28 46.41
30.32 25.2 48.21 31.43 25.61 46.78
5.36
39.82 13.93 4.23 41.22 12.32 3.97 43.02 14.14 4.14
42.64 11.12 2.06 40.62 14.76 2.19
12.62
41.69 45.11 43.47 44.71 44.18 42.05 42.2 45.48 39.8
44.77 46.98 40.6 43.36 46.07 41.41
9.35
12.58 18.56 24.44 11.5 15.22 23.64 15.14 17.75 25.5
13.12 19.64 24.33 13.12 17.85 25.28
3.99
18.08 45.33 43.26 16.4 48.12 45.93 16.59 49.7 47.8
16.33 49.46 43.93 16.28 47.01 47.81
19.09
39.97 3.63 8.54 36.23 2.05 11.03 37.91 3.12 7.21
38.97 6.06 8.62 39.88 6.68 9.54
16.54
3.89 22.89 14.25 3.2 24.66 13.91 5.28 21.21 13.06
4.87 23.36 17.26 4.52 25.41 15.45
18.7
17.31 3.9 34.14 15.77 8.27 29.91 18.39 4.13 29.45
17.82 7.08 32.68 15.8 8.4 30.36
2.18
13.01 27.74 3.25 13.75 23.26 2.36 13.76 26.78 5.08
15.08 27.37 5.38 12.08 27.08 3.55
0.86
18.45 10.56 20.52 17.47 11.28 23.59 20.4 12.21 20.34
18.58 13.96 23.61 19.26 12.31 21.69
1.69
38.73 21.86 43.23 41.74 21.86 46.48 41.42 20.09 45.96
39.56 20.24 44.84 39.16 18.79 42.36
4.26
6.97 25.28 28.95 2.58 27.23 29.4 3.95 27.78 32.37
4.06 24.84 32.06 6.19 24.56 30.42
11.17
22.46 6.28 18.16 20.86 5.1 14.95 24.55 4.78 15.46
21.08 5.03 17.86 20.89 5.74 13.93
6.97
51.36 19.3 7.98 47.12 15.92 3.67 50.15 16.58 7.2
50.46 16.38 4.23 47.11 19.19 4.45
16.92
28.58 11.31 9.91 29.26 10.75 8.18 27.42 14.25 10.27
28.1 12.72 8.98 28.94 13.43 7.44
4.4
2.99 30.38 32.31 1.84 29.68 33.4 2.3 30.16 30.01
5.13 27.29 33.53 0.63 30.2 33.41
19.23
27.94 33.24 50.27 28.68 32.67 53.62 28.86 33.3 51.64
29.32 32.11 52.37 24.39 31.15 50.52
12.34
9.16 27.78 49.16 6.04 23.73 46.19 4.88 24.8 50.14
6.76 24.51 46.43 6.38 26.18 46.77
8.85
23.93 23.04 40.51 21.09 22.9 41.31 23.18 22.93 38
21.61 24.31 37.81 22.34 25.29 40.55
0.84
23.93 42.56 3.67 21.16 45.5 0.93 20.94 44.54 0.7
23.41 46.34 2.86 21.8 42.33 3.9
14.97
2.62 10.99 10.57 2.19 9.54 9.23 3.03 11.34 9.19
4.45 12.43 9.82 4.19 11.85 10.48
19.14
31.03 8.47 22.17 31.41 5.21 19.69 33.67 7.23 20.58
31.28 7.42 19.31 32.91 6.83 23.59
16.08
40.56 19.98 0.3 41.15 21.76 2.92 40.67 19.05 3.44
39.74 22.38 1.36 39.33 18.18 4.25
7.86
5.01 14.53 18.89 7.31 13.81 19.48 7.94 14.87 20.98
6.47 12.3 20.56 3.47 13.03 19.03
2.76
33.06 16.81 20.3 34.85 12.85 23.73 32.22 15.31 23.74
33.83 15.91 22.02 33.12 13.17 20.22
16.09
22.75 26.12 28.62 24.76 22.82 26.35 24.85 23.63 27.86
22.94 22.3 25.35 22.19 25.62 25.49
0.97
19.85 6.15 24.43 18.41 5.3 26.31 16.16 7.55 27.32
19.64 7.04 25.78 15.92 3.81 27.18
12.79
40.43 28.02 36.39 37.43 26.97 39.45 40.53 27.98 39.02
40.04 26.82 35.89 37.88 27.66 35.53
12.81
12.6 5.3 16.82 12.1 4.21 13.9 9.33 7.12 16.09
9.93 5.45 13.64 12.83 6.95 15.68
5.49
14.88 7.66 14.99 12.1 11.6 15.39 12.65 7.62 14.43
13.59 8.21 12.33 14.4 12.12 16.61
8.82
2.29 13.42 42.98 2.49 12.71 42.74 4.41 13.5 41.98
5.36 12.32 44.17 6.59 12.37 46.24
13.53
30.8 37.38 5.27 34.6 33.81 5.02 33.15 35.52 3.65
30.55 34.33 5.01 31.61 35.81 1.78
11.39
35.54 8.23 38.56 36.3 10.67 35.47 38.76 11.46 37.64
37.39 11.7 38.79 35.53 9.62 37.78
7.31
10.4 45.77 46.39 12.97 44.94 45.77 11 42.62 47.34
12.05 43.64 48.8 11.98 45.54 48.64
4.61
12.96 8.41 41.84 12.79 7.81 41.26 11.29 9.95 43.28
15.27 7.99 44.45 12.07 9.83 44.73
9.86
14.63 14.63 47 13.13 14.29 45.87 12.42 16.87 47.55
14.71 15.12 46.57 14.97 14.92 49.48
9.35
23.86 26.8 42.51 20.21 27.64 41.78 19.62 25.51 41.02
24.18 28.71 43.09 21.46 27.23 41.12
0.45
43.85 22.71 30.6 45.87 23.91 31.75 44.97 21.9 29.06
44.64 21.48 30.81 43.67 22.51 30.24
12.34
28.29 32.48 9.81 29.22 29.17 12.26 29.82 30.9 10.42
29.78 32.72 10.93 31.75 30.89 9.39
16.1
27.37 24.46 51 28.31 24.75 52.87 30.59 26.85 53.36
29.11 26.12 49.5 29.01 24.07 50.78
11.63
9.05 4.78 36.38 6.81 4.65 34.6 8.76 7.18 36.42
7.26 6.95 33.1 9.53 7.92 35.07
19.97
46.96 49.71 11.99 46.24 53.44 12.78 43.6 50.49 12.32
47.04 50.45 15.2 45.67 50.38 13.74
2.67
13.37 9.21 34.29 13.6 11.12 36.86 10.15 13.4 37.48
10.78 9.48 35.11 13.59 12.12 37.54
14.62
28 12.49 51.62 28.37 15.17 51.01 29.07 15.29 50.91
29.88 14.92 50.24 31.51 14.08 53.21
2.56
36.01 40.63 24.96 38.13 40.37 26.79 39.07 39.76 28.1
39.06 38.68 24.38 37.06 38.78 25.43
0.89
30.75 11.36 19.08 33.33 9.86 20.43 31.19 8.6 17.39
28.84 13.02 17.49 32.8 10.75 19.32
1.52
15.17 14.27 39.39 15.24 15.4 35.76 12.96 16.12 35.63
14.17 15.25 34.83 14.52 18.16 39.71
10.2
19.75 36.03 7.13 19.16 38.05 2.82 15.43 38.36 6.56
18.79 37.29 6.54 15.19 37.37 2.76
11.17
46.22 53 36.54 43.05 52.56 37.66 44.75 52.65 37.08
43.82 51.78 37.61 45.81 53.16 36.57
18.32
21.61 2.99 41.5 16.93 6.39 41.29 17.04 5.21 43.36
16.89 5.42 43.63 20.44 3.11 43.52
5.18
19.96 30.45 6.49 19.96 31.09 8.06 19.24 31.05 8.45
16.35 30.14 8.21 18.7 30.43 8.36
12.57
16.89 46.49 45.97 17.88 45.16 44.93 19.33 48.37 46.8
17.68 45.19 47.78 19.83 47.23 44.63
0.86
9.44 9.72 24.5 12.98 7.95 25.32 11.33 9.49 23.8
13.11 8.56 25.9 11.31 6.6 22.13
0.53
25 26.49 46.95 23.98 24.3 48.27 26.45 22.99 49.83
21.75 25.85 49.36 22.14 25.07 46.28
8.85
39.92 28.48 19.69 36.99 30.25 15.6 37.78 28.91 16.66
38.87 28.26 16.42 39.78 28.01 18.66
16.21
15.11 25.07 5.68 17.76 26.06 4.71 19.57 24.68 7.42
18.23 29.36 8.86 17.54 25.85 8.83
1.23
41.54 20.04 32.01 40.64 19.32 33.92 41.97 21.02 33.39
42.43 17.65 34.69 42.78 20.06 35.78
15.62
39.64 30.35 26.78 38.54 30.73 26.96 36.98 30.42 26.71
38.59 28.01 28.68 41.53 31.91 29.79
4.58
3.18 20.51 22.21 5.35 21.13 18.42 2.19 20.49 21.34
5.76 18.99 20.72 5.09 20.78 22.08
6.21
8.16 41.92 4.74 10.63 39.18 5.89 11.76 42.99 5.99
7.82 40.34 4.12 8.35 39.8 7.11
14.12
23.93 20.23 7.61 24.66 17.22 6.52 24.98 17.33 6.07
22.06 21.28 9.52 25.03 21.93 8.38
8.31
34.65 37.17 26.15 36.59 36.28 26.68 36.18 33.69 25.97
34.22 33.88 28.04 37.07 35.77 27.15
16.96
41.38 34.72 34.22 42.37 34.68 34.15 41.79 33.17 35.42
43.47 33.14 32.88 43.36 36.42 33.72
7.21
23.61 32.32 17.22 23.6 33.03 19.5 24.05 31.67 19.11
25.45 30.66 19.49 24.97 30.22 16.57
17.89
1.54 19.15 7.8 0.78 19.93 10.97 4.98 22.53 8.75
4.46 19.2 7.3 1.9 21.87 8.5
19.86
20.4 10.95 36.61 23.53 11.55 37.99 21.49 10.31 38.53
20.46 11.17 38.84 22.51 11.69 36.61
9.98
7.86 7.37 14.06 7.77 9.8 12.58 11.27 6.81 15.25
9.76 7.55 15.57 10.51 8.56 14.08
11.67
42.42 2.95 41.58 43.38 2.91 42.83 40.56 3.59 42.21
41.11 6.54 43.63 44.87 2.82 43.37
15.82
17.35 14.21 37.05 18.51 15.17 36.44 18.35 17.72 36.65
19.53 16.68 36.43 18.15 17.3 38.96
1.53
49.06 21.44 24.58 49.07 18.92 28.08 50.98 18.47 26.76
48.97 17.85 25.32 48.82 22.31 24.93
8.21
19.36 35.65 19.01 21.3 37.52 17.27 22.67 37.78 18.41
21.6 36.76 17.66 18.61 40.26 19.64
10.72
14.02 21.4 22.98 17.4 20.04 21.9 13.95 21.36 18.18
14.46 22.06 21.17 16.31 18.66 19
1.9
41.6 5.66 36.25 40.12 3.95 36.57 42.36 3.51 38.6
41.66 4.11 34.87 39.46 6.17 38.08
5.19
31.79 22.9 48.56 29.99 23.2 45.57 30.57 23.71 48.79
28.87 19.8 45.26 27.66 23.62 48.08
6.07
44.4 49.08 14.9 46.99 48.03 14.2 44.65 45.76 16.37
44.51 48.42 15.11 45.27 46.92 15.16
2.42
19.9 47.07 11.14 18.32 50.05 8.88 18.16 45.84 10.82
19.1 48.75 9.23 18.38 49.12 7.55
2.17
17.4 34.48 18.07 18.45 33.54 15.95 19.1 30.73 18.29
18.35 31.39 18.1 17.25 31.59 18.38
7.79
38.29 50.48 43.98 39.61 48.75 47.24 35.76 47.83 43.87
38.23 48.72 47.04 37.4 47.58 44.03
0.63
34.65 32.73 22.2 37.24 34.57 23.07 34.66 34.07 25.86
38 32.01 21.7 36.41 31.9 22.29
15.91
1.45 32.7 26.36 3.31 29.52 23.35 1.52 30.79 25.69
4.49 29.15 24.28 3.87 30.77 25.91
18.7
50.3 21.24 34.27 49.32 25.65 35.35 52.45 21.96 31.78
49.11 21.53 35.03 48.06 22.32 33.94
16.47
11.62 49.48 49.72 13.65 48.53 50.43 11.77 49.69 48.95
10.33 49.26 52.74 9.45 50.06 51.4
10.71
41.69 26.51 52.28 40.6 28.39 51.48 41.8 24 50.39
41.52 25.95 49.66 42.43 27.58 48.02
7.8
23.72 20.11 50.6 20.52 19.79 54.29 23.41 19.54 49.69
23.51 20.45 52.54 21.29 17.98 52.69
14.53
22.61 24.29 15.55 20.75 23.93 17.67 20.1 24.87 15.23
23.96 25.66 17.55 20.97 23.19 16.57
12.32
35.33 40.24 27.34 35.83 39.78 24.59 37.41 38.06 27.67
38.76 38.6 24.73 35.93 39.22 24.74
10.28
8.84 29.21 42.09 8.89 26.39 44.28 7.53 26.38 43.54
9.36 29.31 44.58 10.18 26.09 41.61
4.92
28.8 4.01 21.93 28.36 8.19 19.38 26.61 8.16 21.4
26.06 6.15 20.47 27.39 3.26 22.87
1.76
6.99 37.69 5.93 8.29 36.62 5.48 8.9 35.5 8.01
8.96 38.37 6.39 6.57 35.64 4.29
7.3
25.64 33.74 23.55 29.29 32.23 24.43 26.39 32.44 22.34
25.87 30.69 23.5 26.41 34.33 22.73
1.92
8.63 29.47 50.92 8.52 29.02 50.38 7.62 28.61 48.26
6 28.56 49.33 10.4 29.86 49.43
15.58
36.59 31.78 23 37.48 34.91 26.51 36.86 34.4 22.4
36.19 31.51 24.12 38.46 33.89 22.12
17.52
25.85 19.55 17.87 27.05 20.1 17.23 26.3 18.54 13.34
27.13 18.26 12.99 27.85 17.36 17.06
9.5
28.98 49.49 38.78 26.63 52.53 36.17 28.44 50.24 36.24
26.34 49.91 38.02 24.69 50.1 36.27
1.36
47.35 4.48 5.38 47.94 5.34 3.21 50.2 5.85 4.89
50.3 3.06 6.16 47.8 5.74 4.35
8.29
37.91 8.57 49.66 36.2 8.14 49.78 36.28 9.24 47.85
35 8.78 49.72 39.02 7.36 47.88
11.47
50.06 47.76 45.49 50.61 47.13 48.32 52.59 50.75 47.23
50.98 50.89 46.75 53.44 46.83 48.09
17.19
27.72 9.33 26.53 25.35 5.66 25.63 23.84 7.77 24.27
25.93 7.36 28.64 26.75 7.08 27.71
3.55
42.42 22.69 29.85 44.4 24.68 29.92 43.6 23.6 28.67
41.85 24.92 29.26 43.01 22.76 26.4
3.19
1.71 7.62 22.71 4.26 5.04 24.15 5.51 4.58 23.98
5.05 4.81 24.24 5.14 4.04 24.44
11
44.05 42.28 28.53 47.98 43.82 27.91 45.04 46.64 27.58
44.11 46.36 26.24 44.5 42.82 26.05
4.49
2.29 50.22 12.76 2.17 46.11 12.09 6.3 46.35 10.17
3.7 50.1 8.55 4.69 48.43 11.1
7.41
4.37 14.37 46.96 7.19 11.84 50.15 6.24 15.3 46.63
3.05 11.65 47.29 7.07 13.29 49.5
8.88
4.97 17.56 9.17 2.66 15.15 5.17 7.1 18.6 5.21
2.86 15.87 7.08 3.45 19.47 7.74
1.87
21.34 45.69 3.39 16.71 46.37 3.44 21.32 44.34 7.81
17.06 47.52 5.93 17.79 47.22 5.31
13.07
4.35 13.56 17.5 3.37 14.29 15.12 4.82 15.16 15.67
5.02 14.22 18.32 2.7 14.34 16.35
15.81
45.93 29.22 35.35 46.72 25.63 34.55 48.17 28.64 36.06
48.51 28.51 35.22 47.52 27.45 33.66
19.12
9.88 49.3 16.71 9.58 50.07 18.72 9.65 50.28 18.58
8.75 48.31 19.19 9.6 48.51 16.62
2.38
30.78 16.31 43.73 35.25 19.01 43.99 33.48 15.54 43.46
35.01 17.31 41.25 34.22 17.93 41.95
1.99
26.89 4.89 20.19 23.01 5.31 23.16 27.33 4.39 20.49
26.74 7.75 20.42 25.17 5.1 22.64
1.88
41.92 1.16 41.68 43.8 4.6 36.95 40.23 2.71 37.6
44.52 3.72 40.32 44.45 4.71 41.21
9.93
36.09 48.64 36.44 39.08 45.49 39.65 35.92 49.83 40.3
35.94 49.97 39.03 36.4 48.62 36.26
7.67
24.48 29.32 38.2 23.02 27.26 38.47 24.55 27.3 38.75
23.37 29.64 35.94 23.61 26.39 36.75
6.88
33.37 20.06 22.87 33.89 19.03 26.5 32.22 18.47 26.45
32.07 15.64 24.5 32.68 19.99 25.21
2.78
8.56 6.74 16.4 9.74 5.79 14.35 9.73 4.32 14.97
7.88 7.22 16.87 11.29 5.48 16.36
3.74
23.84 31.37 16.11 23.25 30.73 17.7 23.31 32.57 15.79
24.46 31.01 15.58 22.91 29.31 14.97
8.23
30.61 49.2 35.68 30.23 50.82 38.19 26.66 50.45 36.1
29.66 51.34 35.77 27.77 47.75 34.61
6.75
21.91 16.26 8.48 20.83 13.49 9.06 22.63 13.45 7.36
20.95 14.32 7.25 19.91 13.19 4.69
7.33
21.45 32.41 17.62 20.05 32.94 17.57 22.53 34.45 17.33
19.56 31.01 15.21 19.78 33.92 16.43
19.53
33.17 16.85 11.87 33.61 17.41 14.17 29.95 18.33 12.3
32.84 17.35 14 31.23 17.92 12.84
5.22
33.86 28.35 9.5 29.7 29.41 6.72 33.31 28.43 9.7
31.25 26.81 10.66 30.34 26.63 10.45
0.49
34.22 25.04 15.63 35.37 21.83 11.84 33.85 22.69 15.33
33.85 20.47 12.93 34.78 20.9 13.08
15.63
43.69 45.56 42.01 41.98 48.8 41.82 42.73 49.08 41.66
42.94 48.77 40.39 43.96 46.23 41.86
17.33
43.09 15.13 43.16 44.57 15.15 41.05 45 17.02 45.37
45.25 12.98 44.47 41.95 13.75 44.94
0.85
30.53 37.2 30.27 30.46 40.52 30.24 26.49 39.62 31.19
29.51 40.53 29.17 30.49 39.84 28.43
14.28
20.93 8.63 9.38 23.75 8.94 9.33 23.98 7.2 10.92
22.31 8.54 10.28 20.84 11.68 12.42
14.07
6.65 19.92 19.77 5.81 19.69 21.42 8.66 20.33 21.38
9.47 20.46 19.27 6.68 22.79 17.56
8.2
8.45 40.08 41.5 7.42 39.85 38.36 7.46 40.4 38.8
9.86 40.62 38.4 9.36 41.6 40.38
12.21
44.5 43.63 37.9 42.86 38.95 37.78 45.4 42.88 35.06
46.85 42.81 38.72 45.18 38.92 35.99
12.97
51.26 48.35 17.3 52.49 48.49 16.85 51.11 49.21 13.71
51.56 52.06 13.63 52.12 49.65 14.94
8.27
6.45 30.78 35.47 6.01 30.65 34.26 6.54 28.26 34.5
4.8 27.16 33.24 6.47 27.48 37.36
10.41
5.17 29.23 19.87 6.35 25.91 19.17 7.8 28.75 20.8
7.88 27.86 18.88 5.81 28.3 21.66
16.41
34.69 15.6 42.01 35.73 14.43 40.09 33.68 13.23 40.13
35.1 12.28 43.05 33.16 12.74 44.37
0.93
6.6 22.05 12.3 6.23 21.2 11.34 5.04 21.26 14.02
9.02 20.95 15.45 6.24 21.63 11.89
15.97
23.58 9.86 33.71 20.12 7.87 36.53 21.74 7.65 31.95
21.11 9.52 34.43 23.29 6.23 32.67
1.37
16.38 41.87 33.97 16.2 42.31 35.5 13.24 41.74 36.52
15.81 42.48 36.29 16.53 41.37 34.24
2.81
48.45 19.73 39.45 48.93 20.64 38.27 48.1 20.81 37.1
49.67 19.72 37.8 49.57 22.46 36.41
18.11
20.19 9.7 34.9 20.41 8.56 34.78 23.63 9.17 36.2
21.53 11.74 36.81 21.2 11.24 35.14
16.28
49.25 35.32 19.3 44.55 34.27 19.46 48.48 34.91 19.09
47.92 36.63 19.02 46.27 34.78 20.61
1.41
11.63 9.29 21.31 10.54 10.09 20.93 14.61 7.35 23.17
14.8 9.56 23.03 10.61 6.74 19.59
14.16
33.99 30.19 19.6 32.77 29.69 19.71 34.76 33.37 21.64
30.97 32.2 20.75 32.89 29.9 18.96
4.21
29.74 49.71 4.4 29.52 54.28 6.33 31.11 54.07 5.64
30.19 53.74 5.71 30.21 51.38 6.88
4.84
25.32 33.4 51.1 24.32 31.11 51.63 22.65 30.39 48.89
20.66 31.46 48.84 23.41 30.77 52.35
5.15
17.78 1.2 46.09 17.11 0.91 48.68 18.92 3.13 47.72
18.04 1.5 49.67 16.23 2.12 49.76
9.36
42.95 35.44 1.49 41.71 33.2 2.74 42.03 31.93 3.6
43.26 35.27 0.62 44.35 34.53 1.71
19.85
32.47 2.17 33.47 35.42 3.82 32.55 36.39 4.44 33.9
33.34 6.6 33.23 31.95 3.19 34.7
0.69
6.1 33.41 37.3 10.34 33.99 41.54 6.44 33.71 41.36
8.55 31.83 39.32 9.05 30.46 38.62
5.91
13.48 15.4 6.69 10.34 15.94 4.77 10.67 14.61 7.22
14.24 18.1 5.07 14.03 18.61 7.87
15.8
4.17 46.5 9.08 5.56 49.38 10.77 3.64 49.46 7.88
2.66 49.08 11.67 7.39 49.41 10.06
19.43
40.31 4.36 44.17 36.82 5.73 46.37 39.64 5.74 48.18
36.7 5.15 45.37 37.3 5.31 44.04
17.36
2.57 27.05 34.31 3.75 24.31 36.12 5.24 24.53 37.31
2.44 23.91 33.86 2.37 25.88 38.24
8.44
31.85 18.23 28.1 33.18 15.24 28.7 30.82 15.8 30.18
30.1 17.75 28.99 28.38 16.19 31.52
0.99
6.14 8.12 23.55 8.05 7.07 23.79 5.13 7.09 22.44
9.22 3.64 22.34 5.97 8.39 21.87
7.11
19.56 2.21 32.24 18.74 3.35 31.51 20.83 4.48 31.87
20.91 2.96 34.75 18.42 6.04 31.36
7.23
47.7 5.74 37.9 46.41 5.64 37.75 47.74 5.85 37.27
48.51 4.99 39.21 47.81 4.55 39.16
11.52
17.99 40.92 18.81 16.3 43.23 20.21 16.04 42.82 17.4
19.12 42.05 19.77 18.64 44.15 18.42
11.22
5.76 14.01 27.85 8.78 13.61 27.95 7.47 16.7 24.02
5.98 15.1 26.06 5.92 14.34 25.73
18.89
11.88 11.55 17.48 9.13 6.82 16.41 11.06 8.93 16.86
8.77 10.89 16.01 10.18 8.87 13.99
12.95
4.48 25.49 46 8.18 26.33 43.09 5.68 27.56 46.59
8.18 26.15 43.63 7.76 28.86 44.95
1.27
2.12 29.93 32.71 3.15 26.63 31.73 3.2 29.49 32.01
6.53 29.72 33.72 4.59 27.92 33.65
10.26
9.84 16.99 33.11 13.26 18.7 30.15 11.49 17.11 31.08
10.17 17.97 32.54 12.89 16.69 31.56
1.83
20.29 46.06 26.57 23.74 46 27.25 20.51 47.23 27.56
22.88 45.21 24.71 19.88 46.48 25.9
4.38
3.86 18.72 43.49 2.15 17.84 43.94 3.26 18.18 45.1
6.23 18.36 44.45 5.8 17.64 41.77
6.06
27.63 24.04 36.62 28 23.52 35.8 26.26 26.06 39.7
26.42 24.5 36.07 28.27 25.58 36.52
13.56
7.28 30.63 22.34 8.24 33.03 21.11 5.89 33.02 21.58
5.55 32.23 22.76 7.83 31.72 21.84
13.5
47.36 17.9 19.16 46.24 18.41 23.52 47.75 18.07 21.05
48.39 18.97 19.55 46.5 17.16 20.8
19.54
41.75 32.72 19.92 42.24 30.62 17.79 42.55 28.78 20.71
39.78 28.62 17.54 39.41 32.86 20.7
15.79
22.32 36.64 32.82 20.54 36.97 34.35 21.57 35.42 32.88
24.4 38.07 35.29 23.01 36.13 34.9
4.5
51.46 26.76 50.21 51.89 27.9 51.06 48.85 26.34 49.04
51.17 28.79 52.05 48.96 25.92 51.68
5.02
5.14 17.27 42.09 4.08 12.54 44.07 5.74 13.4 41.17
4.55 12.83 42.04 4.69 12.52 45.15
18.44
38.67 44.51 47.27 37.03 40.56 46.75 37.48 41.91 50.25
36.42 42.05 47.5 39.67 39.87 46.97
5.07
43.68 42.53 33.23 39.64 40.47 32.19 43.97 42.66 29.34
39.07 40.82 28.41 42.88 43.2 29.42
8.47
27.12 14.38 22.49 29.26 16.33 22.12 26.19 18.01 24.67
28.99 18.09 24.43 26.95 15.71 24.15
9.25
6.44 46.07 3.17 7.51 45.53 4.46 6.13 46.05 6.05
4.16 49.21 2.97 6.54 47.38 4.88
7.21
47.29 1 4.04 46.76 4.08 5.71 48.67 5.31 5.05
49.97 3.77 3.21 47.96 1.85 6.59
3.57
40.89 9.18 45.78 42.79 8.95 46.43 43.38 4.81 43.73
43.91 6.77 42.9 42.45 4.71 44.58
8.16
50.2 25.36 24.11 52.66 25.45 27.46 48.83 27.45 26.45
52.92 29.53 23.67 53.3 26.58 26.18
15.95
34.84 50.8 34.65 32.65 50.86 32.46 33.37 49.2 35.7
31.31 47.35 36.82 30.98 50.13 36.76
7.23
18.59 21.46 45.3 15.88 19.95 44.56 19.14 19.93 41.37
14.9 20.44 42.34 19.02 18.36 41.14
18.86
51.07 51.07 32.57 49.22 47.31 34.77 50.79 49.97 33.61
46.22 49.6 34.25 50.06 48.49 34.99
8.04
43.92 14.69 30.64 45.95 13.5 27.13 47.06 10.42 26.88
43.57 10.91 30.28 46.97 13.31 26.65
7.7
22.11 38.96 18.64 20.96 38.9 20.25 22.03 37.3 20.94
23.34 41.08 20.01 22.41 37.37 17.94
9.74
21.18 52.02 22.42 20.64 51.52 23.3 19.99 52.13 23.44
19.97 50.26 21.2 22.39 49.46 25.9
1.49
25.98 16.55 11.56 22.88 16.77 9.61 23.35 14.97 11.91
25.16 13.39 11.15 26.45 13.99 9.27
3.85
43.82 39.62 16.44 42.69 37.9 17.14 41.04 36.74 17.73
43.99 37.76 16.31 41.85 37.39 18.81
17.01
44.51 26.54 28.4 41.4 26.07 31.76 43.28 24.86 30.05
42.86 26.55 31.5 44.31 26.38 28.05
17.13
13.74 31.94 15.62 16.07 28.35 17.96 12.01 31.65 15.41
11.64 30.41 15.87 11.61 29.4 17.24
6.55
40.77 26.88 13.27 40.23 24.95 12.01 42.42 28.36 10.78
40.06 25.02 10.34 41.67 29.47 13.32
0.4
31.59 40.61 38.14 32.64 43.34 36.31 31.48 41.52 36.46
29.2 38.95 39.38 28.17 41.83 37.84
1.31
46.6 45.83 35.96 44.9 44.88 35.46 47.08 44.75 34.57
47.5 45.88 35.34 44.96 44.49 38.12
4.79
47.82 9.78 22.57 46.09 8.9 21.48 46.97 11.93 22.85
48.65 11 22.78 45.66 10.47 23.12
3.25
40.36 22.65 5.89 39.37 19.73 7.66 36.69 18.8 6.65
37.78 21.66 7.82 36.67 18.95 8.71
16.6
42.03 28.43 37.61 42.96 28.7 38.2 43.04 25.45 34.03
41.44 24.53 38.46 44.11 28.62 34.46
5.63
25.05 45.51 36.87 23.75 49.25 35.95 22.99 47.45 33.2
25.13 47.63 36.37 23.45 45.73 35.3
17.25
24.66 4.63 43.78 23.64 5.75 42.77 23.77 4.53 40.47
24.65 2.66 41.58 20.78 2.32 43.54
15.81
36.12 28.17 22.57 33.4 27.53 24.7 34.64 26.78 24.54
32.15 26.33 24.12 32.27 28.5 24.74
10.22
20.11 40.64 22.83 22.08 41.1 24.68 21.7 44.12 23.01
20.95 42.16 24.91 23.69 42.39 26.02
18.9
37.05 43.29 34.89 36.52 43.25 34.81 36.46 46.93 38.53
34.16 42.83 35.6 36.45 43.66 37.68
6.54
42.03 1.62 26.21 43.91 4.82 28.98 43.91 6.13 28.81
41.29 3.93 24.88 41.81 3.47 27.48
14.95
50.68 21.36 22.2 51.43 23.48 18.19 50.5 22.2 19.96
50.29 21.22 20.63 50.7 24.18 18.68
16.76
8.08 36.03 37.84 10.44 35.18 40 10.05 35.33 38.37
11.39 39.42 38.82 8.5 36.09 41.29
13.4
20.71 17.5 34.17 17.34 17.88 34.93 20.92 18.89 33.95
19.87 16.5 34.23 17.22 19.42 35.04
9.09
1.04 19.23 28.08 3.42 18.17 27.75 5.03 20.42 28.41
2.81 18.78 27.86 1.89 20.51 26.2
3.46
44.15 1.28 24.44 43.56 0.48 23.49 41.68 0.97 20.9
42.36 1.33 22.66 46.28 4.9 23.22
2.5
15.53 6.26 35.29 18.05 4.74 33.79 14.38 6.15 36.61
16.24 7.81 32.51 18.83 6.1 32.87
6
24.59 5 4.55 21.6 3.96 3.95 22.81 5.14 5.31
21.22 2.16 2.01 21.94 2.11 4.7
10.98
51.34 19.19 6.66 49.95 18.14 2.89 49.92 18.72 5.83
49.96 16.21 5.61 51.1 16.55 5.02
17.74
51.63 40.15 18.65 50.79 41.33 20.86 53.21 38.51 20.52
51.33 40.85 19.75 52.94 37.8 20.01
1.61
35.61 31.67 29.77 35.56 30.77 32.77 32.64 32.7 33.9
34.97 33.7 31.7 34.53 33.05 32.09
1.35
42.43 9.61 23.69 41.6 8.9 27.55 40.98 10.39 26.18
41.59 6.59 26.71 43.3 7.02 25.55
8.72
22.45 39.15 34.75 24.1 37.61 36.08 23.29 39.85 36.58
25.99 40.35 36.72 24.81 39.18 32.37
9.39
24.22 28.33 31.65 27.83 27.23 28.63 28.56 27.11 29.96
26.23 26.97 28.76 24.75 29.2 32.14
5.02
3.47 6.83 17 5.29 7.62 17.89 5.9 8.74 19.3
3.1 7.44 15.6 4.68 4.93 16.05
3.01
21.93 19.73 4.68 19.75 19.69 4 20.21 19.14 2.78
21.75 22.16 4.75 19.8 22.55 5.25
1.18
27.68 5.35 10.21 29.22 4.22 11.89 25.98 3.85 8.32
28.45 2.73 8.41 26.89 0.42 12.43
3.71
38.58 9.34 43.93 38.32 10.63 47.17 35.92 10.48 48.52
39.32 12.65 45.59 36.09 13.24 45.99
1.73
43.45 15.31 36.54 46.66 14.94 37.72 45.36 14.83 40.54
44.13 14.27 38.37 42.79 13.06 39.1
10.25
7.3 23.85 12.36 3.95 21.32 13.19 2.91 21.19 11.26
5.57 20.47 12.7 3.61 21.17 12.35
13.88
43.27 42.1 45.11 43.37 45.06 43.87 44.42 42.95 45.13
44.47 44.85 41.29 45.61 44.48 43.05
3.79
22.74 12.15 52.57 22.08 12.34 48.47 21.84 11.96 48.57
24.28 11.75 48.6 22.56 13.98 49.2
14.07
8.68 49.56 15.1 10.74 50.82 17.54 11.79 47.74 17.34
12.27 50.87 16.15 10.76 48.65 13.94
1.31
5.53 35.61 44.1 8.23 36.2 45.35 7.85 34.66 44.5
7.3 37.2 46.95 6.94 36.41 47.23
2.15
50.14 7.03 23.31 46.88 7.69 20.68 50.11 7.26 23.96
47.1 10.62 24.11 46.05 5.99 23.89
17.43
29.14 6.5 47.36 27.93 7.06 48.58 26.4 6.01 47.96
30.28 8.26 48.67 26.27 6.82 49.17
7.61
9.63 11.82 49.67 5.54 10.13 49.85 5.56 8.18 46.41
7.4 12.24 48.35 7.87 9.56 46.9
16.44
16.51 6.9 20.21 17.24 5.94 22.19 18.26 8.82 21.88
20.57 9.87 19.68 20.8 6.65 22.47
6.47
20.99 19.99 18.39 19.82 17.81 20.86 20.25 19.9 17
21.3 18.94 19.88 18.81 17.8 17.67
13.67
29.53 18.46 14.57 26.53 16.13 14.71 26.65 15.64 17.18
26.72 18.12 15.64 30.58 17.25 14.17
3.43
17.46 6.09 45.48 16.22 8.26 48.01 19.82 5.29 49.29
17.97 7.29 45.28 18.06 5.74 49.33
3.31
5.43 37.05 4.87 5.35 36.66 4.23 9.59 36.71 5.1
7.27 34.73 6.93 9.23 36.56 5.44
17.36
24.05 13.17 48.1 24.42 16.1 48.26 23.64 13.15 48.95
20.63 12.8 47.84 22.84 13.22 49.41
3.09
6.91 38.91 14.27 7.75 37.1 14.43 4.43 40.76 16.42
4.05 39.45 13.25 8.09 40.53 16.38
10.24
4.71 50.94 11 1.45 49.56 11.51 1.53 51.37 9.03
5.63 52.17 12.25 2.57 51.05 11.1
16.12
7.15 31.59 23.83 4.14 32.92 22.13 3.83 29.71 20.94
8.09 29.57 21.84 7.78 30.36 23.82
9.28
3.54 50.63 5.52 5.05 52.38 5.1 7.06 52.63 3.15
4.05 53.22 2.06 6.27 51.71 1.81
8.97
50.24 29.28 50.34 54.03 30.29 50.54 53.87 31.56 53.15
53.59 32.34 53.25 53.6 31.42 53.74
18.11
42.16 15.8 50.36 42.51 14.3 53.89 44.26 14.09 53.69
41.07 12.84 54.51 44.74 13.32 52.74
14.36
47.45 29.8 17.15 45.4 28.51 18.48 45.7 27.27 15.7
44.43 28.05 17.7 46.77 26.37 13.87
8.56
25.47 15.84 35.75 21.65 13.48 37.27 22.58 15.97 35.97
25.17 14.05 35.63 22.72 17.63 39.79
1.67
18.38 38.1 24.21 17.8 39.4 26.19 19.15 38.11 24.42
20.52 38.08 24.04 18.15 35.39 25.91
4.97
11.56 31.15 35.95 10.16 31.43 32.75 11.46 34.13 35.46
11.83 30.67 34.89 11.61 30.15 36.99
17.07
23.27 34.18 7.39 22.29 31.08 7.67 21.21 30.97 9.57
21.53 30.15 7.89 18.97 34.53 6.27
2.69
9.86 50.82 8.84 5.99 52.95 10.1 10.14 51.8 10.16
9.87 52.01 10.69 5.64 52.8 9.2
18.72
8.09 18.98 20.87 9.56 21.68 18.88 11.84 19.07 20.75
7.44 21.78 21.26 10.24 18.6 21.57
16.12
14.01 1.18 10.96 14.92 1.6 9.97 13.25 1.17 10.14
13.16 3.19 8.64 15.9 3.86 11.83
15.53
7.35 8.95 10.94 8.59 12.93 12.31 7.97 9.95 12.4
9.05 11.63 10.34 5.5 13.16 10.56
18.8
26.21 28.02 26.19 26.87 27.82 27.77 28.89 28.46 23.99
25.76 26.41 27.48 25.5 28.68 26.9
16.94
21.79 15.2 40.19 18.62 13.68 36.64 20.56 16.13 37.07
22.06 14.51 39.42 18.97 17.4 38.03
7.99
20.21 24.88 4.71 20.68 24.72 3.1 18.44 24.5 4.11
18.65 26.5 4 22.31 27.84 3.54
1.81
2.17 48.32 38.92 1.68 52.46 38.49 5.86 51.88 39.15
2.33 51.42 41.44 5.07 49.55 41.46
0.28
24.95 17.55 18.93 25.06 17.84 20.05 26.41 15.35 21.13
24.94 15.92 19.2 24.67 18.04 20.33
3.64
50.12 15.4 5.33 52.7 11.73 2.86 49.65 11.89 5.24
49.21 15.22 3.98 53.54 12.97 2.82
7.19
19.98 7.54 41.07 18.14 10.29 40.05 19.7 7.68 39.94
18.46 7.29 38.01 20.63 7.17 38.08
9.69
35.15 11.01 33.46 37.55 11.28 30.81 33.65 10.06 32
37.05 9.72 33.07 37.4 12.65 30.18
9.6
47.89 47.13 29.96 45.7 46.56 29.13 49.48 48.12 33.61
48.31 50.33 29.78 46.06 50.6 32.44
3.89
38.94 8.55 21.8 38.1 11.27 21.25 40.75 9.76 18.33
41.23 8.38 18.23 42.08 9.71 17.8
5.14
3.81 22.9 21.34 4.26 24.33 24.61 2.92 23.26 21.36
4.88 24.43 21.45 1.91 24.74 21.42
19.62
39.38 16.13 10.87 37.91 14.24 10.7 35.55 13.65 13.15
36.95 13.69 8.93 37.45 15.64 8.5
15.17
48.07 18.93 40.05 45.93 19.11 41.46 49.06 15.66 38.75
48.69 15.46 41.29 45.25 17.2 42.93
9.64
23.58 43.92 23.6 24.86 43.78 21.73 23.91 44.28 21.64
25.69 42.41 23.37 26.64 45 22.21
2.55
7.43 7.38 49.17 9.31 5 49.61 6.61 5.58 46.28
8.05 6.44 50.09 5.93 6.86 47.53
8.55
28.29 27.94 6.64 30.69 23.99 5.88 29.34 23.95 5.57
31.8 26.63 7.73 29.5 27.38 7.98
2.81
29.55 30.09 16.38 31.97 27.85 15.82 31.01 27.82 18.75
31.69 30.01 15.98 29.79 29.11 18.59
19.64
5.6 48.95 16.5 5.8 46.97 15.13 7.31 50.01 20.05
9.42 46.89 19.12 7.36 48.12 15.64
16.38
7.32 36.73 4.39 7.25 36.71 3.56 4.18 33.7 2.47
7.05 36.15 1.48 6.6 35.64 1.13
0.96
12.35 23.25 10.95 12.71 26.4 12 14.1 25.89 11.08
17.16 26.24 9.91 16.45 27.1 9.93
8.2
42.88 49.85 30.56 42.94 49.73 32.22 44.44 47.19 31.65
42.22 48.8 33.26 41.84 47.64 32.45
6.97
9.09 7.05 26.21 13.31 6.66 27.23 9.68 3.94 27.44
12.99 4.75 26.59 8.77 5.34 24.42
18.72
17.95 37.48 50.4 18.1 34.47 49.75 18.83 34.1 51.3
20 35.85 50.84 20.35 35.22 49.28
3.7
14.38 37.03 27.72 14.88 36.55 28.09 17.79 38.58 26.03
18.51 37.76 27.34 18.25 36.66 29.51
4.34
38.41 10.6 27.67 37.84 10.73 31.61 36.95 14.23 31.21
36.39 13.03 30.67 35.65 13.09 29.15
9.2
48.71 28.83 39.24 45.67 27.01 43.31 47.24 28.6 42.81
48.32 29.44 39.26 44.6 26.74 43.29
14.33
8 20.42 4.26 8.27 20.49 4.69 12.01 23.45 4.46
9.77 21.52 3.13 11.84 24.76 3.37
14.4
17.96 4.98 14.39 19.39 4.85 15.08 19.76 4.94 15.39
18.51 7.31 16.96 17.88 6.74 15.16
17.85
19.42 8.77 4.12 18.73 10.51 3.4 16.53 10.52 4.72
20.87 9.85 6.39 19.98 8.26 7.65
5.62
22.36 20.46 49.84 23.29 20.88 52.43 23.36 23.7 51.91
20.84 21.43 52.22 21.63 22.1 50.83
19.96
36.66 14.47 2.06 35.88 15.79 3.41 39.47 15.99 4.63
35.45 15.87 4.71 39.02 14.22 3.9
9.48
22.74 29.55 13.55 24.94 25.17 16.44 25.91 27.49 12.16
25.89 26.27 14.45 23.48 27.99 14.11
9.41
42.4 31.73 30.77 41.52 30.23 30.81 39.28 30.43 32.08
38.81 30.74 32.49 40.46 33.32 34.84
7.51
50.34 41.83 13.69 52.66 41.65 16.9 51.19 42.55 16.08
51.77 42.95 17.51 52.46 43.2 14.66
9.11
36.19 16.8 32.58 35.62 18.95 31.35 38.67 21.09 35.12
34.8 17.04 32.64 38.13 17.88 32.5
19.91
4.02 3.68 36.96 6.14 5.61 35.8 2.06 3.31 37.62
5.78 1.92 33.99 3.5 4.04 33.6
7.3
11.18 50.29 9.91 10.68 51.13 5.77 13.58 53.22 9.17
13.84 50.94 6.45 11.94 50.89 6.61
19.45
8.26 15.6 9.64 5.72 17.26 13.49 5.7 17.85 9.75
5.14 16.26 11.01 4.41 15.9 10.81
7.04
25.98 11.44 20.23 28.33 9.13 22.47 30.19 8.2 19.45
26.81 12.47 22.59 28.78 8.45 21.97
11.33
27.25 52.41 42.37 25.62 53.33 43.62 26.18 52.66 45.4
25.7 53.79 44.51 27.13 52.32 46.11
6.73
30.09 28.38 46.52 32.01 26.4 44.98 29.37 28.17 46.93
32.14 30.52 45.47 29.23 29.37 45.4
14.86
42.44 17.62 49.57 43.07 18.49 51.02 43.78 15.17 48.2
44.44 15.17 51.57 45.78 18.02 47.21
7.19
50.29 34.22 51.09 49.44 35.77 50.58 51.3 36.55 50.43
50.85 35.67 50.6 50.07 38.07 50.46
0.05
28.62 38.99 9.9 25.71 37.02 9.35 30.12 39.96 11.85
26.69 40.61 12.32 30.03 37.48 9.77
5.33
30.57 39.62 11.78 28.09 41.71 7.53 31.46 39.6 8.47
28.32 41.23 9.36 27.7 38.15 9.88
14.35
8.87 3.9 25.95 6.35 5.41 25.97 5.66 3.78 30.41
8.53 2.26 30.11 9.93 2.14 30.44
3.17
9.16 43.64 1.49 7.45 43.89 1.87 7.15 43.23 0.93
5.79 41.26 1.1 9.46 42.76 3.63
1.28
4.8 9.65 12.3 4.46 8.66 7.42 7.03 9.23 8.78
3.88 11.33 11.14 4.07 9.44 9.56
18
5.65 28.38 12.5 4.91 26.64 9.63 5.17 26.85 9.94
7.36 28.06 8.99 7.53 30.69 9.32
13.17
38.54 39.94 40.11 37.76 42.78 39.02 36.06 43.06 42.79
36.76 42.06 39.35 36.04 39.86 38.61
16.69
17.14 43.52 21.88 19.16 47.03 22.73 16.52 46.85 21.68
19.23 46.74 21.61 17.84 46.98 25.13
13.59
28.61 19.24 36.53 30.97 19.13 34.89 29.25 20.57 35.58
27.78 19.67 35.96 26.2 18.29 33.74
1.61
4.47 29.39 42.54 3.61 31.47 43.9 5.19 31.85 42.88
2.93 29.05 41.71 5.17 32.31 44.5
18.82
12.35 8.13 46.84 9.82 9.54 47.9 13.5 11.44 44.98
9.65 10.77 45.67 11.32 9.14 47.05
4.74
18.38 32.26 53.36 17.67 30.23 52.67 17.06 33.02 50.1
17 32.7 52.02 19.75 30 50.7
9.78
32.67 30.2 48.57 32.26 29.14 49.39 33.81 29.03 51.09
30.93 30.75 50.22 30.76 29.36 50.5
5.44
33.35 40.39 23.71 31.06 39.06 26.81 33.6 41.37 25.33
34.46 40.52 26.65 33.01 42.41 27.77
10.96
42.39 8.52 37.34 40.13 6.55 35.47 41.13 7.2 37.24
40.14 9.57 36.36 44.51 8.03 36.07
11.21
4.82 45.66 2.73 4.45 46.51 2.47 4.01 45.35 6.42
2.51 43.93 5.63 3.64 45.17 3.97
2.55
5.88 33.14 23.21 3.85 33.16 20.6 3.78 36.98 20.78
4.65 32.9 20.7 6.81 36.5 21.46
14.12
3.83 19.05 35.04 7.73 17.23 35.11 5.41 19.55 38.51
5.29 19.12 35.69 7.24 19.83 37.81
7.96
15.15 22.78 9.2 15.34 22.91 12.8 13.51 23.05 10.07
18.33 23.42 11.42 17.06 20.44 11.22
12.15
30.5 11.34 28.63 29.28 13.36 27.24 28.64 14.81 27.19
29.8 14.45 25.4 29.24 11.96 26.39
3.2
7.06 31.33 48.21 5.22 33 52.72 3.4 31.44 48.61
3.89 32.24 47.96 3.46 34.18 52.16
19.48
28.62 11.5 20.71 28.04 12.1 21.35 27.57 13.01 21.02
27.18 15.23 19.09 29.3 10.62 23.57
1.58
5.79 3.41 15.44 3.21 1.57 16.15 5.06 0.65 15.51
5.43 3.99 16.79 6.93 2.7 18.98
4.68
11.78 2.13 11.21 14.34 4.79 9.85 10.41 2.59 10.86
12.89 1.34 10.74 13.99 2.35 11.98
7.69
18.44 24.26 41.03 18.19 24.28 41.47 17.85 20.61 38.58
16.31 24.95 37.89 18.98 23.95 37.74
0.13
5.42 8 38.16 3.71 10.29 37.36 3.36 9.67 38.02
4.32 6.94 37.76 2.46 9.92 38.54
5.23
27.39 26.61 8.55 28.65 29.73 9.63 28.57 24.82 9.47
26.99 28.43 9.29 27.16 25.95 8.99
7.13
48.22 39.69 15.49 46.53 37.56 16.06 46.27 38.44 16.25
49.59 39.28 14.83 50.41 40.86 15.21
5.2
27.01 44.8 44.07 26.85 47.66 44.12 30.22 45.24 42.93
26.58 44.91 43.31 26.11 47.97 45.24
12.82
14.13 39.75 31.92 16.46 40.46 31.48 13.58 40.59 29.36
17.01 44 31.63 13.26 44.26 30.52
2.43
31.49 43.63 38.66 27.7 40.75 40.63 31.41 41.86 37.13
31.92 43.43 37.77 27.78 39.73 36.55
6.48
3.45 25.17 28.84 4.53 29.4 32.04 3.96 28.49 28.09
5.77 28.68 28.32 3.35 26.46 32.07
3.57
7.63 41.56 22.54 7.97 41.89 21.49 5.66 39.09 20.06
8.93 41.04 23.56 5.45 38.44 20.69
7.13
44.27 32.92 26.12 44.4 34.34 24.06 43.2 36.32 27.27
46.35 36.99 27.7 44.42 33.55 27.83
2.12
12.48 42.61 6.6 11.41 45.64 9.62 16.08 45.17 8.05
12.58 46.17 8.37 12.93 47.4 6
17.87
46.68 51.6 31.1 49.12 48.68 30.02 44.87 50.14 32.4
46.63 53 30.09 47.26 49.85 33.23
11.48
14.81 6.49 21.47 12.55 5.79 21.6 12.4 5.8 20.43
17.03 4.8 23.82 14.34 7.15 23.12
16.13
46.65 37.11 47.45 43.58 33.77 49.68 44.46 33.05 49.56
44.85 35.79 50.05 45.87 35.98 46.59
19.76
24.73 21.39 30 21.25 23.48 26.46 22.88 25.14 30.32
22.32 22.73 29.72 25.37 21.56 27.7
1.19
30.7 28.27 31.05 26.97 27.1 31.47 28.83 27.57 31.81
26.24 30.16 32.39 29.6 28.95 28.68
2.26
15.18 23.86 44.85 13.12 19.67 45.04 14.85 22.82 43.95
15.05 20.4 44.82 16.54 21.25 45.02
5.75
7.89 50.15 5.7 5.17 50.85 3.37 6.89 50.45 5.77
9.2 49.89 4.2 8.52 49.32 4.52
14.19
3.84 15.58 9.26 1.77 14.77 10.1 4.65 12.27 9.28
3.23 14.25 6.35 1.86 15.56 6.81
5.85
6.87 46.34 25.17 6.42 45.05 24.81 5.95 45.66 29.51
6.84 46.26 27.46 8.44 47.28 25.39
7.09
3.02 33.8 23.86 1.8 33.48 24.08 4.99 31.53 22.92
1.59 31.6 23.45 5.56 31.91 25.67
6.34
6.89 48.53 18.83 4.39 52 18.82 4.57 49.75 18.83
3.46 49.38 19.62 7.85 49.58 17.14
5.11
41.36 28.5 27.36 37.01 30.08 24.5 37.41 31.34 23.33
39.94 30.77 23.28 41.47 31.78 26.61
17.92
49.86 22.52 20.49 49.94 23.16 23.17 47.86 24.05 21.75
48.9 26.44 22.86 47.21 24.59 21.5
5.59
24.76 12.02 31.53 26.33 10.95 34.78 24.58 12.09 30.79
27.16 11.48 32.81 27.41 13.44 30.08
14.95
47.62 42.66 12.63 45.34 43.25 16.1 47.67 41.16 14.8
44.15 41.38 13.63 44.47 40.24 12.86
1.16
23.22 38.62 10.27 25.92 39.78 7.81 23.26 36.35 11.72
26.05 36.13 11.43 26.4 36.93 8.96
9.89
47.23 40.58 45.05 43.3 42.96 41.31 45.89 41.82 44.04
46.9 38.76 44.32 43.58 40.98 41.36
1.4
3.35 10.08 50.1 2.8 5.77 50.32 1.24 6.63 46.99
3.12 7.24 50.65 0.77 8.73 49.36
10.53
25.69 25.74 11.95 27.2 25.68 11.72 25.72 24.26 9.13
26.06 27.17 9.98 27.13 27.09 11.47
17.46
16.9 27.85 13.19 18.14 23.61 9.23 17 27.38 9.09
18.53 24.18 9.25 19.48 27.49 11.25
19.76
46.93 36.78 25.08 44.8 35.22 28.78 49.12 35.25 24.7
48.43 34.11 28.68 45.45 36.81 27.88
18.49
24.43 31.66 1.4 25.76 31.35 1.9 23.37 31.89 5.76
24.05 31.31 4.2 23.45 32.36 3.06
12.13
27.61 31.72 26.7 28.89 33.05 25.86 30.41 34.63 27.13
28.53 33.74 25.58 29.6 35.01 23.48
18.65
29.6 5.67 3.79 33.42 2.71 2.49 31.36 6.54 0.51
32.5 3.53 2.78 33.33 2.8 0.34
5.63
52.06 20.57 36.58 52.66 18.93 39.23 54.31 16.2 37.23
53.8 16.79 36.36 51.74 17.21 39.72
4.32
3.66 31.07 13.66 4.94 26.94 10.77 8.04 28.54 10.79
5.76 31.71 12.38 4.53 31.57 13.42
9.88
48.49 25.86 23.74 49.91 25.21 24.26 52.75 24.25 22.74
51.06 22.92 20.24 51.54 26.32 24.97
3.15
20.46 18.3 4.22 21.1 18.68 1.76 22.86 19.03 4.18
21.88 19.24 4.06 21.45 18.14 5.18
4.21
26.91 17.72 50.96 26.97 18 49.24 24.15 14.81 52.99
25.25 15.18 51.45 25.8 17.89 49.29
7.86
40.42 5.21 26.97 38.28 3.84 25.63 37.99 5.77 25.16
38.56 5.12 22.98 37.03 4.21 27.07
4.97
6.33 31.08 18.94 10.4 35.04 21.13 9.19 33.82 16.6
7.88 33.54 17.75 10.86 32.38 17.53
15.61
7.09 32.64 31.25 6.62 36.2 28.84 4.94 33.24 29.91
7.1 33.54 30.41 6.84 33.69 31.83
16.15
43.96 15.17 28.49 44.83 13.6 28.58 45.86 13.17 32.03
43.45 13.48 29.78 44 14.92 29.86
10.93
26.86 42.35 34.55 23.18 40.24 31.66 24.98 40.26 33.86
27.16 40.43 35.65 26.51 38.67 31.95
10.08
32.87 21.35 37.51 34.16 19.83 33.02 32.43 21.01 38.01
33.35 22.86 37.14 35.24 21.24 37.21
19.96
42.34 21.95 50.71 44.04 25.88 52.14 44.9 23.06 52.07
45.53 25.32 50.75 42.26 23.64 48.76
9.94
22.11 12.45 48.99 24.49 13.3 48.44 21.35 13.27 50.58
23.03 11.57 50.23 24.33 13.06 50.71
5.43
10.38 3.67 33.62 10 3.24 34.48 12.89 7.46 30.27
8.78 4.46 34.54 9.13 7.11 33.56
6.47
6.09 45.99 24.19 5.92 44.7 25.18 8.57 45.96 27.94
7.25 46.95 24.24 5.65 46.35 26.73
3.4
21.21 21.19 49.59 22.86 19.44 51.43 22.74 18.76 47.11
22.3 18.33 48.72 18.63 22.3 49.52
5.64
19.84 22.4 13.26 22.04 21.81 11.88 23.92 19.41 11.19
24.48 19.51 12.9 23.76 19.65 11.39
7.21
14.45 49.51 9.57 11.33 48.08 11.69 13.58 50.03 8.85
12.02 47.99 8.07 10.72 50.13 10.27
8.89
45.11 13.66 52.17 40.56 14.72 52.58 41.77 15.14 51.49
42.88 16.81 53.4 41.52 13.5 52.13
1.98
44.42 15.87 16.55 42.62 19.78 16.92 42.96 17.25 20.12
42.91 18.96 20.75 44.03 15.06 17.86
6.88
30.86 21.23 13.44 31.41 22.3 12.42 32.67 24.45 12.31
33.96 23.52 14.62 33.82 22.69 11.57
13.19
9.94 33.28 6.9 11.07 30.95 4.38 11.83 34.7 5.07
12.61 31.84 5.22 10.11 34.01 6.99
10.33
5.69 22.35 36.91 6.41 24.15 37.99 5.32 22.12 33.58
4 21.3 35.74 5.61 20.5 35.8
19.7
34.09 23.19 53.09 35.33 24.73 51.96 33.19 25.06 51.73
35.69 25.33 51.85 34.48 27.85 50.11
11.97
51.1 23.21 32.54 48.83 24.06 31.76 49.31 21.15 31.31
49.84 22.93 31.72 49.72 23.58 33.51
2.88
22.65 45.79 18.94 22.73 46.84 19.23 24.33 47.15 21.75
25.69 46.08 20.54 22.54 46.31 17.98
14.49
8.17 35.86 18.43 4.92 31.89 19.03 7.47 32.65 18.88
5.26 35.16 21.42 6.32 32.71 20.72
17.96
11.58 24.52 32.35 12.76 24.6 31.01 11.41 20.03 32.69
10.17 20.84 31.61 14.16 22.5 31.64
4.81
39.95 48.15 7.79 39.69 48.38 7.62 40.57 49.94 7.62
42.73 50.97 11.19 39.52 49.11 11.42
3.61
21.97 7.8 18.58 20.65 7.48 14.76 20.18 5.98 16.26
24.2 7.32 15.25 21.02 5.76 15.61
7.86
12.15 48.52 16.53 12.16 48.39 13.1 11.91 49.09 17.32
13.24 50.47 13.25 11.63 52.45 13.61
13.4
46.49 4.12 17.83 47.8 4.79 20.68 44.82 2.01 16.15
48.02 1.08 18.55 45.89 4.79 17.39
14.63
31.52 38.81 6.62 29.39 36.72 5.01 31.32 38.47 3.8
27.26 37.63 5.39 27.77 34.88 5.69
8.15
48.35 44.44 5.36 50.26 46.24 6.83 47.65 44.37 7.06
48.69 47.96 3.21 51.38 43.91 6.88
14.94
31.51 12.41 13.45 30.53 9.5 13.33 29.72 12.17 13.86
29.04 9.9 17.36 32.69 9.58 17.06
18.07
10.26 9.44 38.24 11.81 6.79 37.71 12.31 5.33 36.39
11.5 8.72 36.95 11.26 6.81 33.9
7.01
25.26 35.31 4.88 26.95 39.8 5.91 26.15 36.86 5.61
25.73 37.72 2.76 26.29 35.62 4.67
19.25
34.75 21.21 27.46 34.56 20.28 26.06 31.74 22.72 27.08
32.2 23.5 24.46 31.08 20.88 27.33
19.07
43.11 18.96 48.03 40.94 15.82 48.56 44.24 16.56 48.94
42.01 16.4 46.46 45.13 15.86 45.86
10.39
23.81 13.03 5.88 23.71 11.46 6.07 26.61 13.03 7.72
26.89 13.07 5.85 25.85 12.25 6.07
16.82
13.27 14.77 43.28 15.55 14.99 45.64 12.96 16.03 43.05
12.65 17.7 43.32 13.48 15.4 47.4
5.46
6.8 16.73 12.93 5.53 12.27 9.01 4.7 15.25 10.35
2.24 14.78 13.13 5.65 13.95 8.42
4.74
11.15 29.16 49.25 11.05 29.37 47.13 8.75 26.77 48.69
8.33 25.92 49.41 8.32 28.88 49.06
11.13
4.42 27.04 35.81 2.42 28.73 37.36 1.83 29.15 36.6
5.12 29.29 37.69 1.64 27.49 37.84
3.83
15.04 19.75 15.8 12.55 23.17 15.87 10.36 18.57 14.49
11.56 19.33 15.82 10.53 21.88 14.68
19.51
30.53 8.19 25.46 27.14 7.87 23.08 26.82 9.97 24.27
26.51 10.7 24.04 27.51 10.76 25.15
10.09
18.84 51.83 30.13 16.44 51.86 31.65 16.82 50.45 27.71
18.74 53.64 31.92 18.99 51.03 27.55
15.83
42.7 20.9 8.89 42.57 22.24 5.4 42.28 20.87 5.21
44.31 22.84 5.77 41.27 22.33 9.4
7.73
38.25 20.31 4.48 39.53 22.26 8.54 39.31 23.92 7
35.65 24.38 6.77 36.43 22.7 5.36
9.76
9.36 29.01 31.26 11.41 29.23 27.59 8.68 29.19 28.79
12.29 30.12 31.74 9.55 29.73 27.54
14.6
7.51 28.13 28.54 6.73 24.36 26.19 3.63 25.44 25.16
7.39 25.08 27.69 6.91 24.86 24.41
13.33
12.59 11.45 25.51 15.75 9.08 28.21 13.87 13.38 26.14
12.47 9.37 29.21 11.81 12.18 29.64
6.63
18.57 13.83 38.6 17.94 16.25 39.78 17.9 13.68 39.87
18.23 15.84 37.7 16.56 17.1 39.76
5.29
43.55 43.18 46.42 42.33 42.91 43.96 42.34 46.55 43.92
45.65 47.17 46.09 45.94 45 44.2
18.42
27.74 20.86 54.79 27.74 19.09 54.46 28.27 19.9 50.16
29.48 20.61 50.67 25.56 17.35 50.69
11.03
20.87 22.41 10.33 24.02 24.56 11.35 24.49 24.77 11.42
25.51 23.43 10.02 22.18 26.74 7.24
17.21
21.69 24.38 3.73 23.85 26.26 0.95 22.72 27.19 4.64
22.62 26.24 4.83 22.21 27.34 0.47
5.15
4.35 9.49 41.32 4.01 12.71 41.92 6.01 13.49 42.96
5.76 12.1 41.87 4.76 11.84 41.36
19.91
10.09 51.96 31.66 14.43 51.62 33.1 11.81 48.76 32.65
13.96 51.27 32.43 12.9 49.98 30.27
18.03
19.97 39.21 4.38 18.62 41.84 6.96 17.99 39.97 4.88
20.32 41.49 8.01 21.78 39.87 6.79
11.12
28.66 50.83 22.07 26.41 50.17 21.74 23.86 50.07 25.11
24.55 50.69 25.01 24.27 48.82 24.08
16.88
3.69 27.47 12.98 6.35 28 12.44 3.59 30.35 12.43
5.95 27.36 9.59 4.6 28.13 8.99
6.13
43.79 43.5 25.9 42.33 40 24.57 40.84 43.18 27.08
43.86 41.39 24.56 44.07 40.76 24.56
3.79
46.87 29.78 46.1 45.39 26.72 46.04 44.94 26.74 48.08
46.47 26.89 50 45.81 29.87 47.18
10.82
17.91 39.43 52.47 19.13 37.93 51.6 20.41 40.57 49.53
18.66 40.68 49.13 17.99 40.36 50.17
2.51
9.38 20.34 5.99 7.5 20.36 4.05 8.48 20.21 3.51
8.57 18.6 3.51 5.91 16.8 3.57
9.36
16.48 23.06 26.14 18.93 23.43 26.8 16.49 21.08 23.25
19.31 24.2 27.9 17.6 24.12 23.8
15.75
48.95 11.29 39.57 47.22 12.79 43.82 46.51 14.34 43.04
50.78 14.28 43.12 49.64 11.53 40.8
2.33
47.67 8.58 22.52 44.76 8.53 24.37 47.6 5.56 26.31
43.78 7.41 25.04 44.43 8.98 26.76
11.24
16.03 0.76 33.52 16.72 3.32 34.91 17.55 1.01 36.43
16.53 4.99 35.43 17.29 4.38 33.99
8.57
42 7.49 52.12 42.1 7.62 51.21 40.36 8.06 52.81
37.84 5.8 53.88 38.6 5.04 51.41
5.77
53.65 49.26 42.54 54.52 47.96 43.44 51.09 48.73 42.01
52.99 48.16 44.05 49.85 46.92 43.73
12.6
6.45 37.99 35.76 3.92 38.41 39.8 6.29 38.45 38.17
8.08 37.62 36.69 8.27 34.41 38.87
19.63
9.91 36.41 46.37 8.78 34.2 42.82 8.65 34.08 43.76
7.99 37.92 43.59 9.71 36.7 42.14
3.06
7.38 32.02 21.82 5.26 31.29 23.84 6.02 32.1 23.72
4.97 33.72 23.09 5.75 31.19 24.12
5.84
33.16 7.85 32.3 30.11 5.96 30.1 33.68 6.9 31.24
30.33 6.66 28.55 31.8 8.72 30.58
4.54
52.24 13.38 41.1 53.16 9.04 41.91 50.85 11.09 42.3
50.43 10.74 41.19 51.23 8.66 39.73
11.14
20.31 42.6 40.51 24.01 43.95 41.12 19.55 44.55 40.22
22.84 41.49 38.46 22.74 41.55 38.94
1.79
42.33 45.25 15.56 42.49 45.12 15.55 45.46 46.72 16.77
46.22 44.66 19.77 43.22 45.46 19.81
10.73
5 49.36 27.35 5.58 47.34 30.23 5.77 50.33 29.84
4.25 49.9 27.03 7.42 46.53 28.25
1.94
46.37 19.48 39.12 46.36 18.3 39.92 46.9 19.45 36.9
43.93 21.69 35.74 43.96 18.44 38.17
6.8
18.16 21.89 16.62 20.83 20.26 12.24 20.43 21.64 15.63
21.05 19.32 14.56 18.81 21.73 16.76
3.08
28.02 42.68 28.03 30.41 47.06 29.77 28.75 46.64 29.39
27.42 43.89 30.31 28.25 43.94 27.13
13.79
13.69 2.91 15.51 11.68 5.37 15.48 12.92 5.37 13.29
13.59 1.58 16.12 10.78 3.13 15.17
0.46
20.92 44.54 2.09 20.3 45.11 5.71 24.01 44.47 3.39
23.93 45.31 3.25 21.9 43.82 1.91
16.68
22.67 23.59 38.98 22.64 23.64 38.2 26.03 23.06 37.86
24.98 21.53 37.12 22.08 23.05 36.32
3.95
4.57 29.62 13.14 7 26.17 15.89 7.54 26.11 15.55
6.15 28.07 14.94 4.15 30.48 13.07
18.59
25.14 13.99 23.41 25.6 11.94 23.77 25.61 13.63 23.57
27.02 14.1 25.02 26.09 12.37 27.44
15.27
15.79 26.8 49.67 13.36 27.32 51.76 13.65 24.63 48.83
11.97 24.92 52.17 14.34 26.27 49.45
15.19
16.23 29.4 8.64 15.33 29.2 7 16.39 29.47 10.98
17.58 31.39 10.48 16.29 28.2 9.56
13.43
11.92 32.16 23.81 9.49 32.09 20.81 11.9 31.59 21.93
7.93 34.27 22.56 9.78 31.31 25.17
17.12
21.7 9.17 6.36 24.65 6.58 7.53 22.39 8.49 4.04
25.51 9.05 4.95 23.44 9.39 3.58
7.73
8.5 23.59 14.03 7.44 22.37 12.02 6.48 22.06 14.11
10.81 21.01 15.42 8.86 22.85 12.24
10.06
11.32 52.8 48.81 16.02 50.7 50.87 13.4 52.53 51.21
14.67 51.05 48.99 15.4 51.18 47.56
18.53
42.13 20.07 35.29 39.79 22.84 33.51 41.1 23.08 30.58
42.8 23.13 33.07 40.77 20.67 30.67
4.79
41.35 21.52 2.76 42.57 21.17 2.78 38.34 23.38 4.06
41.61 20.7 3.67 40.07 21.21 3.6
0.23
42.77 49.27 13.19 44 49.68 14.18 42.3 50.06 17.57
43.78 46.07 14.47 45.27 48.48 13.24
19.66
34.96 44.85 31.84 35.64 43.82 29.66 39.45 44.21 34.13
35.99 45.67 32.25 36.16 43.89 31.4
12.58
7.29 32.54 14.19 5.41 34.13 12.16 5.28 31.87 15.16
5.63 30.54 12.61 5.09 34.96 11.72
6.18
24.51 9.15 27.3 26.82 12.97 29.36 27.51 11.08 29.43
24 9.59 28.92 24.71 11.06 26.1
7.69
28.57 18.05 29.21 27.36 13.73 30.87 31.46 14.8 29.97
28.75 16.98 27.72 28.93 18.33 29.04
7.6
6.07 8.39 31.17 5.98 10.17 32.46 4.91 10.46 28.39
7.94 9.21 31.54 5.66 9.03 29.55
8.43
42.53 31.31 46.87 43.14 31.82 46.01 38.68 31.05 47.05
43.1 32.43 47.91 39.56 33.24 49.29
17.01
37.5 46.3 21.99 39.42 47.22 25.04 38.32 44.43 23.15
37.7 43.52 22.14 39.77 46.47 24.33
0.84
15.64 17.29 28.07 15.33 18.79 23.93 15.06 15.42 24.99
16.73 18.38 25.92 17.36 14.14 26.36
19.76
26.43 21.46 19.94 25.76 23.44 17.82 24.99 21.13 17.92
27.17 19.7 22.62 25.44 22.46 19.19
0
33.59 45.06 4.66 35.99 46.46 0.44 35.67 48.59 1.25
32.38 48.07 3.68 33.11 44.95 3.52
5.77
10.63 40 25.1 11.64 38.45 25.31 10.72 41.99 25.1
14.31 39.82 25.66 12.04 38.92 26.7
11.51
7.57 30.68 5.92 6.96 29.08 3.94 5.11 28.35 5.26
2.92 28.94 8.02 5.12 32.66 7.21
1.85
15.43 31.23 27.74 11.72 29.26 29.44 12.04 33.04 25.72
15.14 29.3 28.87 12.39 32.61 27.46
5.67
16.17 35.56 15.49 16.08 31.98 15.6 17.07 32.06 14.81
14.25 33.25 15.78 15.63 31.3 12.44
14.13
40 4.67 53.13 39.66 5.21 51.12 40.57 8.07 53.68
37.06 7.27 53.7 40.39 5.42 50.46
15.08
28.04 14.19 16.23 28.95 12.28 17.8 26.75 11.59 16.83
25.66 12.84 18.51 29.95 14.19 16.36
6.11
29.99 5.69 15.23 28.46 4.9 14.31 28.14 3.73 11.8
30.49 4.41 11.3 31.25 7.01 14.86
18.23
43.67 25.66 7.6 41.26 28.25 5.84 42.28 29.15 7.05
41.31 24.93 6.2 43.99 28.15 6.79
14.81
17.78 11.62 36.22 17.49 9.2 32.88 13.74 8.38 32.64
14.5 9.46 34.43 13.9 10.8 31.35
15.49
41.17 14.8 8.78 42.01 14.85 6.5 42.17 14.14 8.3
42.92 14.73 5.6 40.8 14.51 6.44
7.76
45.78 53.28 10.38 44.92 53.06 12.63 44.92 50.36 9.74
47.4 52.11 13.26 45.91 53.21 9.07
15.15
23.07 11.11 27.1 25.08 13.57 28.42 22.13 11.82 26.8
26.21 10.91 27.45 26.17 11.77 24.54
14.13
23.68 21.37 14.39 19.14 23.12 16.99 20.26 23.62 15.03
20.25 20.34 13.97 21.09 21.16 18.01
3.52
40.85 47.36 30.87 43.17 47.8 29.02 42.25 43.05 28.91
42.84 45.74 29.27 40.81 45.04 30.97
3.31
31.34 19.04 21.88 33.94 17.23 22.88 32.03 16.94 21.1
32.78 20.55 22.36 30.18 19.76 24.59
13.69
7.56 5.27 8.91 10.12 2.12 9.13 10.44 1.93 8.52
9.65 5.3 6.77 7.51 5.21 7.25
6.82
26.28 48.07 51.11 25.66 48.62 51.81 26.83 50.67 49.67
27.84 49.69 53.32 26.3 51.44 52.32
12.15
28.24 3.12 36.6 27.65 4.53 36.29 29.27 4.91 39.16
29.28 0.9 39.78 29.98 4.83 37.24
17.46
31.91 43.79 12.46 29.1 48.05 15.71 30.13 47.1 12.45
29.35 46.43 16.45 30.38 46.41 16.65
6.27
50.54 37.39 18.84 48.87 38.88 18.59 52.74 39.49 21.04
51.77 37.07 21.22 50.49 39.75 18.1
15.04
22.8 9.67 47.28 20.51 11.33 48.68 20.88 11.45 48.63
23.16 8.93 45.42 21 11.95 45.38
10.45
15.26 4.34 3.53 16.19 1.89 3.41 14.44 2.48 5.19
14.9 1.76 4.55 16.62 1.74 5.2
5.91
51.73 13.99 30.75 52.31 14.29 31.05 52.53 10.6 32.49
48.6 12.45 31.59 50.41 12.96 32.03
16.05
30.51 33.57 45.23 32.73 30.36 48.93 29.49 31.87 46.09
29.64 33.36 46.67 31.62 29.29 48.07
14.56
44.05 33.2 31.24 43.95 32.53 35.24 44.94 30.47 34.65
43.99 33.36 35.41 43.66 29.44 34.19
1.41
25.37 36.07 39.38 27.14 32.42 37.17 24.76 36.41 37.94
26.2 34.66 38.5 24.96 34.71 37.23
17.7
46.97 30.86 51.26 47.85 27.39 49.11 45.37 28.5 48.73
45.24 30.59 47.7 47.6 28.26 47.87
0.15
1.98 20.02 33.91 4.25 17.65 32.26 4.92 18.89 33.85
2.17 18.65 34.57 4.27 17.14 30.65
0.03
37.7 44.47 42.63 41.56 45.55 41.32 40.79 45.69 44.53
41.48 45.44 44.28 39.51 47.62 44.59
15.88
8.21 16.67 16.46 4.91 17.33 16.45 3.77 16.51 15.28
3.75 16.06 18.72 3.88 14.09 16.15
18.57
20.32 53.85 37.82 21.24 51.4 36.44 20.63 50.71 37.24
22.61 53.14 40.04 22.18 54.43 36.25
5.57
43.19 16.09 52.13 43.67 14.72 50.52 41.26 16.24 54.05
43.64 14.84 50.69 43.52 16.84 51.8
12.43
50.77 22.89 19.88 49.41 22.6 19.23 53.15 22.66 18.03
53.79 22.45 16.84 52.37 21.94 18.19
1.93
0.91 13.9 22.03 4.66 11.93 21.85 4.51 13.14 20.78
5.19 13.34 24.61 2.74 13.49 23.77
18.74
44.27 9.09 13.32 43.05 8.3 14.66 42.07 10.99 10.62
45.14 9.4 10.22 46.23 10.44 13.92
9.32
34.79 22.03 22.15 35.81 23.87 21.67 34.5 25.18 22.53
34.03 21.93 23.43 36.45 24.32 23.11
17.28
34.16 42.41 49.69 33.1 45.19 46.49 34.39 45.24 50.48
32.86 43.04 49.02 34.91 42.77 48.8
10.91
7.75 12.53 31.65 9.9 12.05 32.5 12.67 15.44 31.5
8.06 15.76 30.75 9.81 15.64 31.37
12.56
31.57 32.18 13.83 26.71 28.6 12.53 29.83 29.83 10.39
26.75 32.33 12.24 30.31 32.17 12.46
19.03
48.59 46.82 35.2 45.85 47.68 33.94 46.52 47.19 37.05
50.09 47.7 34.15 45.51 49.09 34.39
12.3
39.04 17.77 15.24 41.74 17.73 13.46 41.62 19.41 16.64
39.61 18.18 13.72 41.17 20.03 13.48
8.92
3.18 12.91 25.36 4.35 11.56 27.78 6.9 11.05 27.62
6.79 13.16 27.2 5.3 11.93 27.1
9.17
44 29.32 53.91 42.66 29.72 50.19 44.46 29.89 49.91
43.7 33.55 51.01 45.96 29.27 54.14
11.46
47.27 45.08 31.75 49.46 45.35 30.26 47.45 43.47 29.29
49.23 46.98 31.35 49.32 46.54 31.16
5.42
32.82 19.79 5.67 32.24 22.89 9.01 30.48 21.55 6.08
31.82 22.15 8.04 30.85 22.09 7.38
17.88
36.89 35.15 8.95 33.04 31.43 12.74 32.75 35.03 11.07
32.91 31.7 8.28 33.13 33.67 10.1
4.63
14.2 19.53 48.49 14.53 22.45 48.81 15.59 18.78 48.51
12.74 19 47.8 14 20.37 52.18
2.06
19.65 38.82 38.96 19.5 40.25 39.38 19.26 39.38 42.21
18.17 38.32 40.21 16.87 35.83 41.75
18.58
17.04 8.35 49.79 16.92 8.99 48.57 19.49 12.19 47.69
15.99 12.27 49.79 15.89 8.66 49.31
12
6.19 27.19 44.13 3.6 27.05 43.28 3.75 27.88 41.95
7.82 27.85 45.05 4.66 28.71 43.71
3.66
8.15 42.73 17.52 6.67 44.91 21.18 8.79 42.88 21.32
7.11 46.34 18.52 9.42 43.74 19.62
3.34
33.45 42.91 15.29 32.08 44.03 15.17 35.68 43.8 16.66
36.44 44.26 16.57 32.25 42.38 14.09
1.49
50.88 41.7 25.56 51.94 42.36 26.61 49.03 43.41 28.18
52.03 43.37 26.58 49.64 43.89 28.15
6.03
47.14 5.5 27.74 47.26 3.01 26.58 49.29 5.93 27.59
51.45 7.67 24.91 48.14 4.01 29.34
17.01
19.97 46.34 3.41 17.79 48.01 4.07 19.15 46.55 6.18
19.11 47.25 5.28 16.1 49.79 5.09
13.92
46.81 27.59 21.83 45.6 27.89 22.42 47.69 27.15 22.01
48.38 29.17 19.11 45.86 26.18 22.25
10.58
24.2 21.63 7.23 24.06 20.21 9.4 21.05 19.29 6.88
24.12 22.93 6.46 20.99 20.64 9.36
2.6
12.34 21.49 16.24 13.55 19.74 16.98 14.52 21.43 16.84
11.45 19.94 15.81 11.43 21.79 15.38
5.76
21.9 0.2 24.23 24.85 4.66 23.43 23.97 1.28 20.15
24.99 2.02 19.37 22.48 1.95 23.17
1.11
42.41 34.62 4.45 42.54 36.71 7.08 39.61 32.15 4.15
38.7 36.89 7.72 41.9 32.13 3.11
11.4
31.5 26.23 19.25 31.9 26.24 19.27 29.01 25.63 18.68
31.42 24.94 19.34 31.36 24.31 18.06
5.94
29.18 17.62 45.53 30.18 15.28 44.65 30.31 13.86 45.29
27.13 17.9 44.02 27.02 17.44 47.1
19.82
23.89 6.17 34.11 22.03 2.93 32.39 24.65 3.89 33.42
24.55 2.05 36.58 23.39 3.68 35.75
4.8
16.45 34.31 38.89 17.67 34.87 41.17 16.3 31.5 39.33
16.52 32.61 37.52 15.83 32.36 37.58
4.15
4.68 49.31 50.99 6.23 46.03 50.46 6.46 48.26 52.02
6.37 45.22 49.25 8.47 49.2 49.56
16.86
4.75 34.81 41.03 7.43 31.69 40.17 8.75 33.55 39.19
7.22 31.9 43.27 6.4 31.79 39.01
11.5
6.57 11.47 45.95 5.43 11.36 45.85 6.49 11.99 45.04
6.93 15.26 43.34 3.51 13.39 42.18
16.19
30.67 37.68 11.11 28.47 38.88 10.34 30.1 38.21 14.03
31.09 40.33 14.37 30.84 37.92 13.99
15.17
20.78 38.57 26.91 19.67 41.81 22.51 20.2 39.14 23.48
20.71 38.58 26.29 17.99 41.97 23.63
7.11
7.21 53.16 8.01 8.5 53.59 7.54 6.46 54.44 7.83
6.12 51.97 9.79 10.01 54.48 7.96
2.07
13.4 14.13 11.02 12.36 16.9 9.19 14.98 17.3 7.06
15.71 15.17 11.21 14.38 17.93 11.25
7.16
50.36 48.93 43.72 51.69 49.1 41.42 51 51.4 45.97
53.4 48.72 43.08 52.19 50.94 42.02
2.03
19.24 40.62 51.63 17.83 38.63 46.96 18.79 39.98 49.23
21.95 37.56 51.36 22.62 41.21 51.77
18.74
37.74 51.65 9.22 37.59 49.46 10.29 41.08 50.35 13.5
39.58 48.17 11.42 38.53 49.09 10.18
18.75
7.16 39.07 42.06 6.69 38.71 45.06 4.19 39.85 44.45
5.49 39.01 42.78 3.66 39.87 43.58
3.53
34.61 33.42 31.73 36.17 30.29 31.27 33.47 30.03 33.74
35.68 30.63 31.53 33.92 30.7 32.43
0.85
25.36 46.67 31.44 26.9 45.34 30.93 24.48 46.86 28.84
26.24 43.85 31.53 26.28 44.83 29.27
6.58
16.22 36.06 39.59 17.53 36.67 39.52 16.68 32.69 41.67
15.05 34.35 37.99 13.2 33.19 39.88
9.95
2.26 27.28 48.46 5.65 27.89 49.5 3.8 30.86 46.74
3.52 31.97 50.64 4.81 29.58 49.07
19.57
20.66 47.95 48.92 22.79 48.59 50.99 20.8 49.89 49.58
19.95 48.89 49.19 24.31 51.05 50.72
12.96
50.22 8.9 14.6 48.86 6.94 13.2 50.84 7.53 10.45
49.51 6.61 15.05 53.06 8.98 11.58
15.66
31.31 6.19 4.38 35.35 4.73 4.55 34.79 4.83 5.35
32.49 4.92 6.51 31.75 4.14 5.86
3.45
21.51 30.22 2.11 22.18 31.26 1.94 22.78 28.18 5.23
19.82 27.16 3.01 19.24 29.53 6.25
5.66
26.74 22.48 13.63 27.83 21.2 11.03 29.35 19.58 9.74
29.87 21.25 12.16 29.67 23.21 12.68
19.43
4.81 5.46 21.1 4.33 4.24 20.66 2.24 4.76 19.76
2.69 3.33 20.14 5.39 2.3 17.02
13.14
40.45 20.48 10.77 41.91 21.22 11.49 38.02 23.44 11.08
38.65 24.23 9.3 39.37 24.48 8.13
4.42
14.99 38.45 3.98 15.67 39.76 4.37 14.52 42.98 3.96
11.93 41.62 5.29 14.83 40.01 1.25
0.04
41.36 54.03 11.82 41.95 53.74 11.61 40.33 50.24 8.48
44.82 52.17 11.42 42.5 51.83 9.01
0.72
16.48 24.45 29.47 13.79 25.68 31.39 13.34 24.16 33.1
14.34 22.61 30.25 14.87 26.21 32.73
0.48
25.12 26.08 39.78 23.42 26.35 39.19 24.12 22.27 40.09
22.98 23.54 38.65 23.7 22.35 37.08
13.96
45.06 11.04 9.6 46.14 8.32 9.44 44.81 8.33 8.64
45.42 6.54 10.52 43.45 8.74 7.99
7.54
34.67 49.1 22.28 35.28 49.56 24.2 32.47 52.12 24.17
36.06 49.32 21.67 36.23 48.96 23.72
6.72
43.34 42.85 6.63 46.89 43.46 7.96 45.67 41.54 6.87
45.48 44.29 6.28 43.65 41.17 7.84
16.23
23.46 35.83 19.07 20.69 34.06 16.75 20.91 35.3 15.84
22.59 32.44 15.46 25.1 35.76 18.74
12.07
34.43 23.63 34.35 30.49 24.61 36.41 31.49 24.4 33.41
29.92 22.72 36.51 34.4 21.66 36.11
10.09
46.98 31.56 24.83 47.86 35.04 23.47 46.09 32.25 22.27
47.72 32.04 20.37 45.67 34.18 23.61
14.44
13.01 9.25 30.43 13.12 10.32 31.21 13.73 8.77 34.79
13.56 10.11 34.76 11.71 7.8 31.08
4.36
21.48 4.66 20.58 23.11 2.61 18.91 25.2 2.56 19.59
23.76 1.13 18.24 23.79 1.56 19.75
7.74
2.79 11.24 25.48 5.26 12.69 22.59 0.96 10.59 24
5.09 13.44 22.99 1.1 11.19 21.81
3.94
20.41 31.17 39.43 19.43 32.07 40.54 17.37 32.74 38.69
19.89 28.47 40.34 16.56 29.95 37.94
3.38
12.25 10.88 25.38 10.91 11.89 24.31 10.84 14.95 24.33
10.5 12.61 26.62 13.37 11.99 25.57
18.31
28.42 42.85 22.95 28.39 40.36 25.35 28.28 43.92 22.25
24.96 43.52 21.53 28.47 40.1 24.71
12.31
22 46.9 20.3 21.83 43.06 19.37 22.2 45.26 20.11
21.75 43.9 18.65 21.69 46.83 18.58
3.96
23.68 48.11 10.95 24.79 48.2 10.31 27.08 46.17 12.12
28.24 46.91 12.04 28.3 46.65 10.87
16.56
41.98 53.21 4.4 42.25 53.5 5.44 42.7 53.8 8.08
43.06 51.42 4.43 41.96 52.77 5.94
8.41
26.23 15.67 29.91 24.78 12.93 29.43 27.91 12.56 27.97
24.22 15.94 25.92 28.09 15.44 29.62
7.62
25.79 31.77 41.83 26.8 28.38 43.82 27.45 28.39 43.94
30.68 29.44 44.52 26.95 31.34 43.14
5.51
11.3 40.28 8.05 9.46 41.09 12.17 10.02 38.48 9.62
13.39 39.87 11.41 12.54 39.34 11.95
17.15
26.66 12.06 28.11 28.64 9.7 30.11 27.17 10.03 29.11
29.58 8.72 28.06 29.69 8.55 31.14
11.8
26.74 28.25 12.3 24.27 28.94 9.87 27.32 29.14 11.66
23.29 29.18 9.21 23.1 30.68 11.31
19.51
23.68 45.93 11.3 19.89 44.01 9.79 22.55 47.45 11.18
23.96 44.83 10.23 24.22 43.77 7.71
14.63
26.13 19.24 21.01 24.98 21.25 22.41 25.94 17.9 21.77
24.31 20.39 19.79 23.14 18.33 19.59
13.39
8.18 10.03 33.07 7.33 8.3 35.06 8.89 10.68 36.4
8.85 7.18 34.87 9.67 10.23 33.73
9.3
12.12 47.3 37.28 11.55 49.29 36.29 12.97 47.91 35.47
11.75 49.43 34.78 11.52 46.44 38.53
17.23
8.73 36.44 6.57 7.29 38.75 5.49 7.28 36.24 7.57
8.64 38.05 6.27 8.03 39.27 6.6
9.63
35.42 14.93 47.79 33.43 17.29 48.99 37.37 15.74 49.83
37.97 15.86 46.16 34.66 15.32 46.33
0.13
10.97 13.63 13.83 13.31 14.59 11.6 14.49 17.01 14.59
13.54 16.24 11.87 15.28 16.87 14.3
2.58
4.84 29.21 27.06 3.8 25.59 27.17 2.45 28.36 26.88
2.25 25.81 31.52 3.95 28.41 30.05
9.01
1.5 34.14 22.23 4.55 33.29 23.43 5.63 30.78 20.6
2.62 32.18 22.13 1.11 35 19.19
3.28
40.04 28.03 41 40.95 31.97 41.59 42.38 27.77 45.14
41.59 31.33 43.22 40.78 32.02 42.95
18.97
43.92 15.42 42.84 44.55 14.81 44.73 44.27 13.23 42.07
43.18 13.72 42.75 41.9 13.37 40.3
12.71
15.87 8.06 28.41 16 8.35 31.6 12.3 7.85 32.63
12.43 7.05 28.03 16.25 7.14 28.9
7
2.93 37.97 24.52 2.17 37.17 21.68 5.41 36.81 25.49
4.86 37.7 24.45 3.21 38.37 20.94
6.89
38.35 48.51 14.16 39.04 46.44 12.81 40.44 44.55 13.52
41.21 45.84 13.89 41.65 44.33 12.61
11.5
6.46 46.63 46.27 8.79 44.9 45.73 8.79 45.56 47.18
4.81 47.77 46.48 7.67 45.02 46.87
13.55
34.29 6.86 12.63 31.45 6.62 12.55 32.87 8.88 12.61
29.45 6.75 13.34 32.89 8.97 13.2
7.24
40.99 36.34 23.99 42.42 33.07 24.76 42.76 34.68 21.77
44.12 34.59 24.63 43.45 36.96 23.42
5.85
37.56 25.72 22.13 35.74 25.7 26.61 37.81 27.8 26.08
38.29 24.19 25.93 39.76 25.22 24.12
5.95
5.56 23.74 39.27 3.51 22.55 40.66 5.62 25.25 40.86
2.78 23.76 43.02 2.15 26.7 41.68
4.04
41.47 21.6 26.78 44.61 20.13 27.05 42.62 20.79 29.02
45.07 23.43 25.47 42.42 22.47 25.81
9.93
39.02 23.89 29.66 37.9 22.4 25.62 37.18 24.8 25.88
40.85 23.38 29.46 39.26 25.07 28.76
13.8
44.74 29.2 28.26 45.28 29.82 29.01 45.37 28.78 27.32
44.6 28.43 24.31 46.66 32.1 25.03
13.51
18.98 38.93 8.62 16.56 42.46 10.59 17.19 42.05 8.41
18.78 40.5 10.07 17.46 39.09 10.6
3.81
43.66 11.64 32.36 41.68 9.31 34.62 41.64 10.18 30.73
43.22 9.04 34.62 44.55 10.93 31.6
7.38
36.89 23.07 44.3 35.54 22.41 43.28 36.16 20.47 45.06
35.53 19.23 43.22 35 19.76 44.47
18.17
46.34 26.16 27.29 44.78 24.67 27.36 48.32 27.34 31.09
47.54 28.58 28.58 48.05 24.41 30.55
15.96
47.7 37.7 36.61 47.38 40.19 39.24 46.12 41.8 39.64
48.43 37.86 37.4 46.26 42.3 40.23
6.79
32.66 14.5 20.06 34.03 14.84 23.1 31.99 11.11 22.24
33.73 11.2 20.04 33.01 15.39 21.57
17.14
41.1 29.99 17.42 39.82 30.22 16.25 39.36 34.72 17.31
38.01 30.95 16.13 38.62 34.47 16.6
10.44
15.33 28.21 30.9 12.48 27.13 30.28 13.8 27.65 29.33
11.5 28.14 27.52 13.73 26.71 27.43
14.71
44.28 13.22 46.21 41.5 11.82 47.85 45.35 11.85 44.55
44.14 14 44.04 44.45 15.44 46.06
0.32
46.29 19.32 38 45.61 17.66 37.15 48.28 17.06 33.41
46.8 19.86 34.03 45.62 18.53 34.95
12.28
47.32 27.42 45.69 49.12 25.95 43.03 48.46 26.47 45.55
47.27 23.76 45.21 46.03 23.38 41.21
6.03
28.34 29.55 12.68 30.98 26.69 12.52 28.11 29.95 14.04
26.31 28.58 11.62 30 30 13.65
17.07
31.2 6.18 41.41 31.76 4.44 43.19 29.67 2.85 41.13
28.37 2.42 45.05 28.66 5.89 45.23
15.24
45.12 19.94 41.14 46.71 21.86 42.9 47.19 21.89 39.54
47.98 22.26 41.4 48.37 20.02 41.46
4.93
2.63 4.48 17.69 6.42 4.44 14.78 3.59 4.35 13.27
2.54 8.27 13.23 4.25 7.19 16.45
13.58
43.24 27.84 39.64 42.1 28.5 38.93 45.88 28.73 42.88
42.41 26.74 42.55 44.07 24.71 39.25
0.16
7.97 39.23 20.96 5.01 35.5 21.83 8.12 40.04 17.99
6.19 35.39 19.56 5.44 36.1 21.49
19.07
22.55 43.42 12.14 19.38 40.6 11.58 22.43 43.9 8.37
18.42 39.96 9.33 19.63 41.69 10.83
18.06
49.17 42.49 39.05 46.6 45.14 40.89 44.83 42.6 43.45
45.37 43.76 42.57 45.95 42.93 43.65
19.88
50.51 53.05 27.42 52.61 52.89 28.47 53.29 49.78 27.31
52.61 49.99 26.96 52.52 51.68 27.44
16.14
34.36 4.72 7.53 36.61 4.71 4.94 34.24 4.82 8.25
35.03 6.18 6.95 36.61 3.85 6.86
7.06
52.4 47.53 9.63 50.25 50.05 13.6 53.8 48.08 9.6
49.24 50.65 9.25 52.33 49.92 12.67
7.54
29.11 1.16 47.57 28.41 2.68 50.14 30.46 2.6 46.52
29.39 4.82 47.28 29.67 0.36 51.3
10.11
4.13 30.54 44.46 3.21 31.2 44.18 7.27 31.29 45.52
5.44 30.77 47 7.49 30.76 47.07
17.98
9.69 44.36 6.99 10.01 44.18 9.57 9.67 44.01 8.78
7.53 41.29 5.64 8.13 43.33 9.61
17.02
26.8 52.74 12.51 26.81 52.63 12.37 23.41 52.26 10.81
24.04 51.48 9.58 23.54 52.3 12.88
19.01
25.59 19.7 33.35 23.83 22.01 30.23 23.46 19.81 33.36
23.51 20.27 30.4 24.9 18.9 33.21
2.23
5.06 35.71 31.26 3.29 33.24 31.12 5.81 33.54 32.32
5.92 36.81 30.98 4.32 34.51 34
13.47
42.01 5.25 3.56 39.35 8.73 1.98 40.79 6.37 3.52
39.96 4.08 6.06 40.19 8.53 3.36
5.57
4.62 28.61 40.18 4.58 26.78 36.74 5.09 26.8 37.97
6.86 27.82 37.51 8.22 29.9 36.9
6.14
9.41 47.14 7.75 10.72 46.51 7.81 9.05 47.88 5.91
10.54 47.25 4.63 8.89 46.92 3.98
15.1
10.81 7.5 42.54 6.19 5.83 41.48 10.03 8.47 43.36
7.98 7.02 43.65 9.45 6.65 41
5.49
29.74 32.97 16.25 29.13 34.79 15.49 29.63 31.62 15.99
29.89 31.56 17.52 30.01 32.46 16.05
16.79
20.5 31.4 26.74 21.82 35.19 26.86 20.76 31.8 28.75
22.34 33.42 26.31 21.75 33.04 25.82
17.75
50.23 53.23 42.85 47.47 51.95 44.63 47.98 52.33 46.09
50.13 49.68 42.1 48.53 54.1 42.98
13.54
27.88 15.92 34.14 30.17 12.52 34.42 30.12 14.88 37.57
26.56 12.46 38.41 28.96 11.96 37.8
4.79
44.04 5.02 31.66 45.33 4.74 33.71 44.43 9.07 32.5
44.05 7.02 32.15 45.26 8.78 30.71
15.89
21.3 22.16 4.41 22.84 23.19 6.12 23.24 19.7 4.71
21.29 19.88 5.09 23.05 22.75 5.88
3.55
5.31 43.89 30.22 4.16 40.43 27.58 3.43 44.09 25.69
5.54 43.11 25.66 3.31 41.87 28.74
14.88
13.46 36.09 15.77 9.28 35.11 15.74 10.99 32.76 18.7
11.12 36.27 18.87 12.57 32.27 19.99
6.9
17.25 15.78 36.21 16.6 18.42 39.81 18.78 16.87 38.51
18.14 16.62 40.22 16.92 17.56 40.57
0.55
23 4.14 31.36 20.24 3.49 31.34 23.81 4.41 29.24
22.52 3.64 29.2 24.64 5.55 29.34
16.64
46.09 25.97 42.89 47.58 23.95 45.41 47.94 26.22 43.49
47.09 24.73 45.11 48.56 22.33 41.07
16.89
38.41 29.49 24.39 38.27 29.99 24.91 37.6 26.36 24.61
39.28 26.26 26.7 38.78 27.89 23.53
16.42
50.68 7.88 46.57 46.28 6 45.23 46.76 5.13 45.96
50.99 7.77 48.51 50.57 4.37 49.36
5.87
19.73 12.66 43.04 19.65 12.06 42 19.75 13.77 42.02
18.29 14.8 44.61 22.43 11.54 46.67
19.73
21.67 17.4 19.82 17.56 15.49 20.57 17.1 15.18 20.55
20.22 16 19.69 18.16 16.66 19.89
16.3
30.4 9.44 20.98 31.29 10.69 18.51 32.89 13.38 20.9
30.81 9.57 20.83 35 9.22 21.78
2.79
23.58 5.51 44.1 26.41 6.72 43.07 25.01 6.7 43.66
23.49 8.79 41.1 22.32 6.84 42.24
11.96
43.77 22.09 48.32 42.84 18.95 48.57 41.52 22 53.12
41.17 18.53 49.81 40.61 18.63 51.82
12.93
21.06 22.85 13.23 23.74 21.52 9.21 24.71 23.34 12.48
22.52 24.29 9.61 22.2 20.68 10.03
13.44
14.23 28.63 24.39 13.23 31.86 24.47 14.41 30.8 25.98
11.48 29.57 23.61 12.54 30.6 24.22
2.86
40.59 6.32 52.84 42.32 5.34 51.87 41.23 6.11 50.63
40.54 9.23 50.95 39.96 7.02 52.47
12.09
2.78 37.46 12.78 5.2 38.13 10.12 4.07 37.79 13
5.66 33.74 12.32 3.93 38.51 12.47
0.76
21.8 8.08 25.28 25.89 5.78 27.98 22.67 5.3 28.59
21.4 7.43 29.4 21.5 5.03 26.7
7.04
39.86 24.97 5.14 39.51 27.7 4.26 36.95 25.97 0.78
37.37 23.79 4.44 38.34 26.66 2.78
19.06
45.33 48.58 36.64 46.11 46.13 36.44 43.86 48.11 37.26
46.93 47.43 34.93 45.73 45.48 35.36
11.99
51.74 28.09 9.43 48.54 25.68 7.76 51.54 28.35 7.1
51.61 30.47 10.4 52.73 29.73 7.05
7.46
52.92 19.76 21.19 53.07 15.53 22.34 50.38 16.64 22.91
50.6 15.15 23.4 52.99 18.97 20.22
6.03
19.76 33.44 32.26 24.1 33.76 31 23.95 34.73 33.58
22.59 33.13 33.53 23.55 36.34 33.03
11.65
6.55 12.34 35.74 5.42 13.39 35.7 7.79 9.89 35.16
7.32 13.67 35.29 6.92 9.78 36.04
16.41
41.88 22.51 25.11 43.42 18.58 24.08 42.73 19.06 22.18
43.37 18.79 23.57 41.22 22.56 23.03
7.03
49.11 12.01 18.85 52.7 12.22 15.49 50.81 11.81 14.98
52.52 10.42 18.94 49.65 11.19 17.43
19.14
16.87 29.15 43.59 18.2 29.76 39.44 16.08 29.35 38.97
20.17 28.8 39.23 15.51 27 43.41
7.56
33.94 9.74 18.19 33.94 12.99 16 34.21 12.07 17.28
32.48 11.75 13.87 31.85 11.23 17.32
19.74
43.74 30.51 31.83 42.69 30.94 33.24 40.5 29.94 31.31
41.57 29.74 32.78 42.28 33.93 32.18
0.3
40.94 0.52 25.32 41.69 4.47 24.57 37.92 2.36 23.94
41.41 4.62 23.73 39.12 4.01 23.52
1.2
19.29 5.55 1.75 14.98 5.06 2.68 15.07 7.14 3.88
19.55 6.99 3.98 15.41 3.13 2.8
16.74
28.16 24.84 28.65 29.42 24.42 25.48 30.57 25.19 27.94
30.21 24.93 27.62 27.74 24.97 26.03
18.5
15.98 39.54 21.48 16.42 41.46 21.54 12.61 38.94 25.98
15.88 38.85 24.03 12.45 40.99 21.58
8.69
28.66 46.22 5.44 29.54 42.6 8.17 32.29 42.04 7.88
28.39 45.66 7.45 30.16 46.84 4.69
6.6
11.22 10.52 8.41 10.5 7.7 8.39 9.64 10.14 4.55
7.69 7.16 5.3 10.5 7 7.55
18.44
31.46 22.54 38.05 30.91 20.14 41.29 31.79 22.57 38.83
30.31 22.45 40.13 28.78 22.63 41.41
2.49
42.21 9.02 3.86 42.98 9.87 5.93 43.89 11.77 3.6
40.58 11.68 2.76 43.52 10.51 5.57
12.04
12.51 25.69 15.61 12.76 27.63 17.82 7.82 25.66 15.89
11.06 27.59 17.65 11.61 25.92 19.43
0.73
18.83 9.98 18.82 16.23 10.54 20.24 19.57 5.86 20.1
16.22 6.3 20.61 18.62 7.99 17.03
12.93
48.26 17.08 35.77 48.57 18.77 36.18 51 19.7 38.65
50.5 19.59 35.52 50.05 16.29 36.98
11.37
14.94 33.89 47.23 16.62 36.99 50.45 18.23 33.49 49.89
15.28 35.06 47.63 18.29 34.09 49.83
17.4
52.71 51.19 36.5 53.03 53.07 34.46 49.66 52.04 35.64
52.74 51.46 35.36 51.54 54.43 37.12
3.15
23.55 30.6 36.58 25.99 30.31 37.38 23.25 28.29 36.21
22.41 32.06 38.63 24.16 30.84 36.03
16.59
12.74 3.04 12.56 13.84 5.13 11.73 15 5.97 9.82
14.14 5.72 9.45 15.71 3.18 10.15
12.23
8.25 36.39 21.32 4.71 36.14 20.54 6.28 35.73 21.25
7.67 33.88 21.32 6.82 31.86 18.94
9.06
30.87 24.85 37.36 26.42 26.09 35.91 28.17 27.36 34.88
30.36 24.53 34.8 27.56 24.32 37.06
10.29
36.75 24.58 27.84 38 25.16 25.47 36.92 21.42 25.16
35.76 20.88 28.52 35.55 23.08 26.88
14.26
14.16 38.68 13.35 15.26 41.68 9.3 15.87 41.82 11.91
13.91 39.48 12.52 15.57 43.25 14
17.16
20.39 49.68 40.22 19.63 45.54 39.64 22.27 49.44 39.38
20.12 48.65 40.49 22.54 48.06 38.03
17.48
5.95 39.11 42.62 6.43 42.76 43.12 7.28 39.47 42.38
4.46 40.44 41.39 6.03 41.41 42.8
15.68
34.44 23.17 35.74 31.8 23.08 34.07 34.61 25.27 36.99
36.21 20.96 34.75 36.4 23.2 36.84
12.88
30.89 11.66 46.14 30.1 12.21 44.3 32.14 13.21 47.35
30.57 13.07 47.55 31.17 9.51 47.97
8.48
39.8 29.34 25.28 43.48 31.74 26.53 41.58 30.72 28.41
42.53 29.52 26.02 43.83 30.89 28.67
6.76
12.1 34.07 47.22 13.17 36.76 46.81 11.75 36.58 45.83
11.92 37.42 47.52 11.47 34 49.01
6.78
51.43 16.88 18.15 50.37 17.29 19.24 48.34 16.97 18.17
49.64 15.69 18.68 51.57 16.83 21.69
19.61
40.24 50.37 28.93 41.95 49.67 30.93 42.79 48.51 31.95
40.62 48.72 27.55 42.51 47.91 29.16
12.46
21.02 43.36 30 20.87 47.07 28.69 19.01 46.33 29.52
20.92 47.49 30.19 20.58 47.88 29.46
13.47
29.32 2.15 11.25 29.85 3.79 10.15 28.85 4.3 8.88
30.58 3.74 11.02 31.11 0.73 9.09
5.35
12.59 25.87 29.61 8.58 28.6 28.79 10.78 26.09 27.34
9.85 30 25.44 10.64 29.1 26.26
3.95
42.46 35.79 16.13 42.51 33.14 14.52 42.23 33.99 18.11
43.38 34.38 14.42 44.43 32.46 15.41
12.1
26.13 4.51 36.76 27.52 6.91 37.77 26.8 8.35 40.62
25.61 4.63 37.98 24.48 6.38 40.75
13.68
45.94 13.02 45.59 46.53 14.82 47.44 47.63 16.67 44.97
44.91 13.87 47.44 45.38 17.03 46.18
7.3
20.36 46.93 49.4 19.51 47.24 49.15 19.95 47.32 53.74
19.72 48 52.34 19.78 47.35 49.83
8.37
11.73 38.28 53.05 10.4 42.75 50.89 10.09 39.65 50.13
10.03 39.98 50.46 12.83 42.38 51.32
7.52
33.89 47.03 3.2 34.76 43.97 3.63 34.43 43.12 3.49
34.68 46.17 3.78 36.9 42.61 5.67
9.29
27.46 41.99 23.89 28.07 42.74 22.27 30.41 42.87 25.59
27.49 41.47 24.39 28.25 39.53 23.3
12.23
30.92 26.74 5.21 29.61 22.2 7.78 30.35 25.21 4.41
30.61 23.38 7.13 30.85 24.04 4.48
7
3.41 2.03 48.56 1.86 3.49 46.24 4.35 5.58 46.76
3.99 2.05 46.65 0.79 5.61 44.51
16.14
42.63 42.83 15.4 42.71 45.69 17.67 42.58 42.63 15.14
41.59 41.01 17.44 42.08 41.22 15.07
4.32
43.17 1.72 19.13 39.48 4.69 15.43 40.07 4.8 19.63
39.93 1.94 19.83 40.57 3.95 16.83
10.76
48.59 32.98 23.91 52.11 31.69 24.2 50.67 31.64 25.45
51.42 31.66 23.66 51.31 31.19 25.36
11.03
25.09 27.18 34.99 24.13 25.52 37.32 21.55 29.36 36.45
21.94 27.32 36.43 22.06 25.64 33.45
5.72
33.09 33.93 23.31 31.25 32.24 25.29 31.63 30.95 23.61
30.07 29.24 26.58 31.99 31.07 25.47
3.94
18.24 29.46 31.11 21.79 31.46 33.17 19.18 29.28 33.92
21.27 30.75 30.85 19.05 31.75 31.27
3.02
20.76 36.65 21.11 20.42 34.57 22.65 21.66 33.86 21.81
18.43 34.69 23.35 21.89 34.51 22.88
18.44
42.26 12.94 18.97 37.91 12.27 20.48 40.51 12.05 16.1
40.78 15.15 16.92 41.08 12.53 17.91
0.1
43.74 6.27 6 41.31 7.74 6.13 41.63 4.54 6.68
42.86 4.6 9.59 40.33 7.02 6.08
12.93
